UserID,age,gender,occupation,clusterNum
2,1,2,10,3
3,56,1,16,5
4,25,1,15,9
5,45,1,7,3
6,25,1,20,5
7,50,2,9,7
8,35,1,1,0
9,25,1,12,3
10,25,1,17,3
11,35,2,1,8
12,25,2,1,3
13,25,1,12,3
14,45,1,1,3
15,35,1,0,3
16,25,1,7,8
17,35,2,0,2
18,50,1,1,3
19,18,2,3,9
20,1,1,10,3
21,25,1,14,1
22,18,1,16,2
23,18,1,15,6
24,35,1,0,4
25,25,2,7,5
26,18,1,4,4
27,25,1,7,3
28,25,1,11,9
29,25,2,1,5
30,35,1,7,5
31,35,2,7,4
32,56,1,7,8
33,25,2,0,0
34,45,1,3,4
35,18,2,0,4
36,45,1,1,7
37,25,1,3,9
38,25,2,9,5
39,18,2,4,9
40,18,1,4,4
41,45,1,0,6
42,18,2,4,3
43,25,1,8,8
44,25,1,12,4
45,45,1,17,4
46,45,2,16,5
47,18,1,19,6
48,18,1,4,1
49,25,1,4,4
50,18,1,12,3
51,25,2,2,0
52,1,2,10,3
53,18,1,4,9
54,25,1,0,5
55,50,1,1,9
56,35,2,12,0
57,35,1,20,8
58,18,1,19,6
59,25,1,2,8
60,50,2,1,5
61,50,1,1,3
62,25,1,17,0
63,35,2,3,8
64,18,1,4,9
65,18,1,1,3
66,35,1,12,3
67,25,1,18,3
68,50,2,5,8
69,18,1,4,9
70,25,2,1,9
71,18,1,4,9
72,25,1,14,4
73,45,2,0,7
74,18,1,4,9
75,35,1,14,3
76,1,2,10,7
77,35,1,7,3
78,18,1,4,2
79,45,2,1,8
80,45,2,0,2
81,56,1,1,0
82,25,2,0,5
83,25,1,17,3
84,25,2,2,4
85,18,1,4,0
86,18,1,4,7
87,1,2,10,7
88,25,1,14,1
89,45,2,1,0
90,56,2,9,7
91,56,1,13,7
92,35,1,7,0
93,18,2,4,4
94,25,1,17,4
95,25,1,17,2
96,45,1,0,3
97,25,2,16,3
98,35,2,3,5
99,35,2,7,7
100,1,2,10,8
101,35,1,17,4
102,18,2,3,3
103,35,1,19,4
104,45,1,7,8
105,25,1,12,3
106,45,1,12,3
107,35,2,11,3
108,45,1,18,7
109,25,1,12,7
110,45,1,15,4
111,25,1,2,4
112,35,1,15,3
113,25,1,16,3
114,18,1,12,3
115,25,2,2,7
116,25,1,17,3
117,25,1,17,9
118,25,1,17,9
119,35,1,17,5
120,1,2,10,4
121,25,1,11,4
122,35,1,7,3
123,18,2,4,3
124,35,1,9,3
125,56,1,7,5
126,45,1,14,7
127,18,1,9,3
128,45,2,3,4
129,56,1,6,0
130,25,1,11,7
131,35,1,17,3
132,18,1,4,5
133,25,1,17,7
134,25,2,0,3
135,25,1,0,3
136,18,1,4,4
137,18,1,2,9
138,45,2,6,3
139,18,1,20,3
140,25,2,20,3
141,35,2,1,5
142,35,1,13,3
143,25,1,7,0
144,18,1,3,3
145,25,1,17,4
146,18,1,4,1
147,35,2,20,6
148,18,1,4,0
149,50,1,17,3
150,25,1,1,3
151,35,1,7,9
152,25,2,20,3
153,18,1,4,0
154,1,1,10,0
155,50,1,20,4
156,35,1,12,5
157,45,2,7,9
158,35,1,16,7
159,56,1,7,6
160,45,2,0,8
161,35,1,7,0
162,45,1,16,0
163,18,2,4,4
164,18,1,4,3
165,56,2,13,6
166,18,1,16,3
167,18,1,4,8
168,25,2,11,4
169,50,2,0,2
170,25,1,7,4
171,25,1,11,3
172,50,2,17,8
173,25,1,3,9
174,25,1,0,3
175,25,1,16,4
176,25,2,2,5
177,18,2,3,4
178,50,1,1,5
179,56,1,17,7
180,25,1,0,3
181,45,1,12,3
182,18,1,17,6
183,18,1,4,8
184,45,2,1,3
185,25,2,0,3
186,45,1,0,0
187,18,1,5,3
188,45,2,1,3
189,56,1,16,3
190,18,1,0,9
191,25,1,17,8
192,18,1,4,4
193,18,1,1,9
194,45,2,15,7
195,1,2,10,5
196,25,1,12,3
197,35,2,9,0
198,18,1,14,0
199,25,1,12,5
200,18,1,4,0
201,18,2,4,6
202,35,2,2,4
203,18,1,4,9
204,18,2,4,3
205,25,1,7,8
206,35,1,12,8
207,25,1,17,5
208,25,1,12,6
209,35,1,17,8
210,35,1,1,4
211,1,2,10,3
212,45,1,17,4
213,25,1,16,5
214,18,2,4,3
215,18,1,20,4
216,35,1,14,0
217,45,1,13,7
218,18,1,4,0
219,35,1,14,6
220,25,2,4,3
221,25,1,12,3
222,25,2,0,7
223,25,1,1,4
224,25,1,17,3
225,18,2,4,2
226,25,1,7,5
227,35,1,1,3
228,35,1,20,3
229,25,1,15,7
230,18,1,10,0
231,45,1,1,4
232,25,1,3,7
233,25,1,20,8
234,45,2,20,3
235,35,1,7,0
236,25,1,0,0
237,25,1,5,6
238,25,1,6,9
239,50,2,7,8
240,18,1,19,9
241,50,1,17,8
242,35,1,20,7
243,18,2,4,7
244,25,1,16,0
245,50,1,7,0
246,35,1,16,9
247,18,2,4,4
248,25,1,17,2
249,18,1,17,9
250,18,2,14,4
251,35,1,16,0
252,56,1,17,9
253,25,1,12,4
254,25,2,11,3
255,35,1,17,6
256,35,1,0,5
257,45,1,16,6
258,18,1,18,3
259,25,1,7,4
260,25,1,1,9
261,18,1,19,9
262,25,1,20,4
263,25,2,1,8
264,25,2,7,6
265,35,1,0,7
266,35,2,7,7
267,35,1,11,3
268,45,1,12,7
269,18,2,12,4
270,25,1,2,3
271,50,1,14,3
272,18,1,4,0
273,18,1,0,5
274,18,1,4,0
275,18,1,4,5
276,25,1,0,2
277,45,1,16,0
278,35,2,1,0
279,45,1,18,9
280,25,1,14,7
281,50,1,7,8
282,35,2,0,8
283,25,1,17,6
284,25,1,0,0
285,25,1,12,4
286,35,2,0,1
287,25,1,1,3
288,50,1,13,8
289,25,2,12,4
290,25,2,0,8
291,25,2,20,2
292,35,1,12,8
293,35,1,7,9
294,56,1,1,7
295,45,2,9,9
296,18,1,0,9
297,50,1,5,6
298,18,1,2,5
299,18,2,4,3
300,25,1,12,5
301,25,1,7,5
302,18,1,4,4
303,18,1,4,3
304,25,1,7,4
305,25,1,0,0
306,18,2,0,9
307,18,1,0,9
308,50,1,16,5
309,25,1,2,7
310,25,1,4,8
311,18,2,4,3
312,18,1,4,0
313,50,2,2,0
314,18,2,4,0
315,56,2,9,6
316,56,2,1,0
317,56,1,13,3
318,35,1,7,3
319,56,2,13,7
320,50,2,6,3
321,35,1,6,7
322,18,1,4,4
323,56,1,17,3
324,45,1,12,9
325,35,1,17,5
326,50,2,3,3
327,50,1,11,8
328,35,1,18,3
329,35,1,12,5
330,35,1,7,9
331,56,1,7,5
332,25,1,7,3
333,50,1,1,3
334,35,1,2,8
335,56,2,2,7
336,35,1,18,0
337,18,1,0,5
338,18,1,19,9
339,35,1,7,7
340,50,1,7,5
341,25,2,3,8
342,56,2,13,2
343,18,1,12,6
344,35,2,3,3
345,35,1,14,8
346,25,1,12,4
347,25,2,0,7
348,56,2,1,0
349,50,1,7,3
350,1,1,10,8
351,45,1,20,7
352,18,1,4,3
353,18,1,4,7
354,35,2,7,3
355,35,1,1,3
356,18,1,3,4
357,56,1,20,6
358,18,1,0,7
359,56,2,1,7
360,25,1,17,6
361,35,1,17,5
362,25,2,14,4
363,35,1,20,4
364,18,1,10,4
365,35,2,1,3
366,18,2,4,7
367,50,1,15,5
368,50,1,12,8
369,25,1,0,0
370,35,1,1,3
371,18,1,17,0
372,18,1,4,9
373,18,2,4,4
374,25,2,2,3
375,35,2,14,3
376,25,1,2,8
377,35,1,1,7
378,25,1,17,3
379,18,2,0,2
380,35,2,1,2
381,25,1,2,3
382,35,1,17,3
383,35,2,20,3
384,25,2,7,7
385,25,1,11,0
386,25,1,6,4
387,25,1,0,7
388,35,2,7,3
389,25,2,0,7
390,25,1,6,8
391,25,1,4,9
392,45,1,11,3
393,18,1,7,3
394,35,1,17,6
395,18,1,0,2
396,18,1,5,2
397,25,1,1,9
398,35,1,17,2
399,25,1,17,5
400,35,2,6,4
401,18,2,3,3
402,18,1,0,4
403,25,1,11,3
404,18,1,4,9
405,18,1,4,4
406,56,1,1,7
407,25,1,20,4
408,18,1,17,3
409,25,1,11,8
410,18,1,12,8
411,25,2,1,4
412,45,2,1,8
413,35,1,15,7
414,25,1,11,7
415,25,1,0,4
416,35,2,0,4
417,45,1,14,8
418,25,2,0,6
419,25,2,3,3
420,18,1,3,3
421,35,1,1,4
422,45,2,3,5
423,56,1,17,7
424,18,1,4,6
425,25,1,17,4
426,25,1,12,9
427,18,1,4,8
428,35,1,12,4
429,18,2,4,4
430,18,1,0,3
431,18,2,10,8
432,18,1,10,4
433,45,1,16,8
434,50,1,6,0
435,45,2,3,5
436,25,1,7,7
437,18,1,4,3
438,35,1,17,6
439,18,1,11,9
440,35,1,14,8
441,56,1,1,0
442,35,1,1,2
443,25,1,1,6
444,25,1,3,3
445,56,1,0,7
446,45,1,12,5
447,50,2,0,0
448,45,2,11,0
449,25,1,17,3
450,25,1,7,9
451,45,1,1,0
452,56,1,13,9
453,50,1,17,4
454,18,1,4,4
455,25,1,20,7
456,35,2,2,0
457,35,1,0,5
458,18,1,4,5
459,50,1,16,1
460,18,2,4,0
461,45,1,18,2
462,50,1,7,7
463,18,1,16,4
464,25,1,7,9
465,18,2,4,4
466,18,1,19,0
467,25,1,5,5
468,35,2,3,5
469,1,2,10,6
470,35,1,6,3
471,1,2,10,7
472,35,1,7,3
473,35,1,0,0
474,18,2,4,7
475,25,1,17,9
476,25,2,2,8
477,35,1,0,9
478,35,1,14,3
479,50,1,16,4
480,25,1,12,3
481,18,2,4,8
482,45,1,7,8
483,25,1,14,6
484,18,1,12,0
485,1,2,10,0
486,56,1,7,9
487,56,1,0,5
488,35,2,17,6
489,25,1,12,7
490,18,1,4,9
491,1,1,10,4
492,18,1,4,0
493,25,1,12,3
494,50,1,7,9
495,35,2,0,4
496,18,1,10,4
497,18,1,4,3
498,25,2,17,2
499,35,1,17,7
500,25,2,1,5
501,18,2,2,4
502,25,1,2,0
503,35,1,6,3
504,35,1,11,2
505,25,1,2,3
506,35,1,17,3
507,25,1,16,3
508,25,2,0,9
509,25,1,12,8
510,25,1,2,8
511,18,1,12,5
512,45,2,4,0
513,35,1,0,1
514,25,1,0,7
515,25,1,2,3
516,25,1,1,5
517,56,2,14,7
518,25,2,14,9
519,35,2,12,3
520,35,2,14,4
521,35,2,20,4
522,56,1,7,4
523,25,1,12,7
524,50,1,7,5
525,18,1,0,3
526,35,1,6,3
527,45,1,17,3
528,25,2,2,3
529,18,2,17,8
530,35,1,12,7
531,25,1,2,7
532,18,2,14,3
533,25,1,7,4
534,25,1,12,8
535,25,1,15,5
536,35,1,6,4
537,25,1,20,3
538,45,1,14,9
539,56,1,16,6
540,25,1,2,7
541,18,1,1,8
542,18,2,4,1
543,18,1,4,6
544,25,1,5,9
545,35,1,12,0
546,35,1,17,3
547,25,2,0,5
548,35,1,12,7
549,35,2,16,2
550,25,1,6,9
551,45,1,8,4
552,35,1,20,3
553,50,1,18,4
554,25,1,2,9
555,25,1,12,3
556,18,1,4,7
557,25,2,9,6
558,56,1,1,7
559,35,1,20,5
560,25,2,7,6
561,45,1,15,3
562,18,2,14,0
563,35,1,20,9
564,25,1,4,8
565,45,1,1,3
566,25,1,16,4
567,25,1,17,8
568,35,1,20,0
569,50,2,17,1
570,18,2,4,3
571,25,1,4,0
572,50,1,5,5
573,18,1,4,0
574,35,2,2,3
575,25,1,19,0
576,25,1,12,8
577,45,2,15,6
578,35,1,0,8
579,18,1,17,3
580,25,1,5,4
581,1,1,10,6
582,50,1,14,4
583,18,1,4,8
584,25,2,0,3
585,25,2,0,3
586,18,1,1,7
587,35,1,14,7
588,25,1,20,3
589,25,2,11,7
590,18,1,2,5
591,35,2,6,4
592,25,1,0,8
593,18,1,0,6
594,50,2,1,5
595,56,2,13,4
596,25,1,7,6
597,25,2,1,6
598,35,1,12,5
599,35,1,7,5
600,50,1,6,3
601,35,1,17,0
602,18,2,20,2
603,56,2,6,3
604,25,2,6,7
605,45,1,17,5
606,18,2,4,9
607,1,2,10,6
608,25,1,0,3
609,18,1,4,3
610,25,1,7,3
611,25,1,4,7
612,35,1,0,5
613,50,1,7,0
614,35,1,20,7
615,35,1,1,3
616,50,1,17,5
617,25,1,7,9
618,25,2,7,1
619,25,1,0,7
620,18,2,1,7
621,18,1,0,9
622,18,1,4,9
623,25,1,0,5
624,25,1,17,3
625,25,1,1,7
626,35,2,12,3
627,18,1,4,9
628,50,1,2,8
629,35,2,0,4
630,1,2,10,7
631,35,2,14,5
632,35,1,17,8
633,45,1,17,4
634,25,1,17,6
635,1,2,10,3
636,56,1,17,3
637,18,1,20,3
638,35,1,12,9
639,25,1,6,4
640,45,1,17,5
641,18,1,4,0
642,35,2,0,3
643,35,2,1,5
644,25,1,2,3
645,25,1,20,7
646,35,1,20,3
647,35,1,7,3
648,35,1,12,4
649,25,2,12,3
650,25,1,4,7
651,25,1,17,8
652,35,1,7,6
653,18,1,20,4
654,56,1,13,1
655,50,1,7,8
656,25,2,2,8
657,45,2,16,5
658,50,2,13,4
659,25,2,0,4
660,25,2,0,3
661,45,1,16,9
662,45,1,1,3
663,18,1,4,9
664,25,2,7,6
665,35,1,18,8
666,18,1,2,0
667,18,2,0,4
668,25,1,18,7
669,25,2,3,0
670,25,1,17,8
671,25,1,12,9
672,18,1,4,5
673,35,1,7,3
674,25,1,20,9
675,25,1,17,2
676,25,1,20,8
677,18,1,16,9
678,50,1,2,8
679,25,1,0,5
680,35,1,16,1
681,25,1,12,6
682,35,1,7,9
683,25,1,4,4
684,25,1,4,7
685,25,1,4,3
686,25,1,4,4
687,18,1,4,3
688,25,2,7,3
689,56,1,13,7
690,50,2,0,9
691,25,1,12,4
692,35,1,11,3
693,25,2,0,3
694,35,1,12,3
695,18,1,4,5
696,18,2,1,4
697,25,1,12,5
698,50,2,6,8
699,18,1,4,4
700,18,1,0,9
701,50,1,17,3
702,18,2,4,7
703,35,1,7,7
704,56,2,1,0
705,35,2,8,5
706,25,1,4,9
707,35,1,20,5
708,35,1,7,3
709,25,1,0,6
710,18,1,0,5
711,25,1,20,8
712,25,1,18,3
713,25,1,0,9
714,35,1,7,4
715,18,1,4,6
716,18,1,0,3
717,18,1,4,7
718,25,1,11,8
719,18,1,2,8
720,1,1,0,3
721,18,1,0,6
722,35,2,9,5
723,25,1,12,4
724,25,1,12,2
725,50,1,13,5
726,56,1,11,4
727,25,2,9,3
728,35,1,11,7
729,25,1,6,5
730,35,1,12,6
731,25,1,0,8
732,45,1,3,4
733,25,1,7,8
734,35,1,16,5
735,25,1,7,6
736,25,1,14,5
737,18,1,12,5
738,1,1,19,4
739,18,1,17,3
740,35,1,12,5
741,25,1,14,3
742,25,1,5,8
743,18,1,0,2
744,1,2,2,9
745,25,1,17,2
746,1,1,10,6
747,18,2,19,3
748,18,1,4,9
749,25,1,0,8
750,35,1,18,7
751,35,2,9,0
752,25,2,17,4
753,25,2,3,9
754,1,1,10,7
755,35,1,7,7
756,35,2,0,2
757,35,1,0,6
758,25,1,12,5
759,35,1,7,8
760,56,2,3,4
761,56,1,15,5
762,18,1,7,4
763,1,1,10,1
764,18,1,10,3
765,18,1,20,8
766,25,1,17,9
767,25,2,7,9
768,25,1,12,4
769,25,1,12,3
770,45,1,17,7
771,18,1,4,4
772,50,2,1,3
773,18,1,12,6
774,25,1,6,4
775,18,1,4,9
776,1,1,17,3
777,25,2,3,7
778,18,1,19,9
779,18,1,17,5
780,25,1,0,3
781,25,1,17,9
782,18,1,4,8
783,56,1,1,7
784,25,1,4,3
785,18,1,0,9
786,18,1,19,8
787,25,1,0,3
788,18,1,4,9
789,25,1,0,9
790,18,1,1,4
791,25,1,17,4
792,35,1,7,9
793,25,1,17,3
794,35,2,14,9
795,50,1,20,3
796,35,2,14,7
797,50,1,6,7
798,50,2,7,0
799,25,2,20,9
800,25,2,5,6
801,35,2,12,8
802,25,2,20,8
803,25,1,16,3
804,18,1,4,6
805,25,1,20,5
806,35,1,12,9
807,35,1,0,6
808,18,1,4,2
809,25,1,7,3
810,25,1,17,9
811,25,1,12,7
812,50,1,0,3
813,25,1,6,6
814,18,1,4,4
815,18,2,4,9
816,25,1,4,6
817,45,1,0,2
818,18,1,4,8
819,18,1,4,5
820,35,1,7,3
821,35,1,7,5
822,18,1,2,1
823,25,2,1,4
824,25,1,0,5
825,35,1,12,5
826,56,1,1,5
827,35,2,1,8
828,45,1,2,3
829,18,1,4,4
830,1,1,19,5
831,35,1,7,5
832,45,2,0,7
833,18,1,2,3
834,35,1,7,3
835,35,2,12,9
836,56,1,0,9
837,25,1,11,7
838,56,1,7,3
839,50,1,17,5
840,25,1,0,7
841,25,2,3,5
842,50,2,14,5
843,18,2,0,9
844,25,1,7,3
845,25,1,0,3
846,18,2,0,3
847,25,1,5,4
848,25,2,7,5
849,25,1,15,8
850,25,1,3,3
851,35,1,0,3
852,18,1,4,2
853,25,1,5,3
854,25,1,17,8
855,25,2,16,8
856,18,2,2,9
857,45,2,6,2
858,35,1,17,3
859,35,1,14,5
860,25,1,12,3
861,18,1,0,4
862,25,1,7,7
863,35,1,7,3
864,25,1,7,1
865,25,2,0,4
866,35,1,1,9
867,1,1,10,4
868,45,1,12,1
869,50,1,17,8
870,18,1,20,7
871,25,2,1,6
872,1,1,10,4
873,50,1,1,3
874,56,1,6,7
875,45,1,15,1
876,1,1,10,5
877,25,1,4,5
878,25,1,0,3
879,18,1,2,3
880,45,1,16,2
881,35,1,17,3
882,18,1,14,9
883,18,1,2,9
884,35,2,14,0
885,1,1,10,5
886,35,1,0,3
887,56,2,0,0
888,56,2,16,5
889,1,2,10,8
890,45,1,20,5
891,18,1,4,8
892,25,1,1,4
893,35,1,0,0
894,50,2,6,4
895,18,1,4,3
896,50,1,1,9
897,18,1,15,7
898,25,1,6,5
899,25,1,7,7
900,25,2,1,5
901,56,2,13,8
902,56,2,0,4
903,56,1,0,8
904,56,1,13,3
905,35,1,20,4
906,45,2,12,5
907,1,1,10,4
908,45,2,6,3
909,50,2,1,3
910,45,1,7,0
911,50,2,0,9
912,50,1,0,4
913,35,2,2,7
914,25,1,0,3
915,35,2,9,4
916,25,1,7,3
917,25,2,1,0
918,50,1,6,1
919,45,2,1,7
920,35,2,1,8
921,18,1,4,3
922,25,1,17,2
923,56,1,16,8
924,25,1,7,3
925,50,1,17,3
926,35,2,3,3
927,1,1,10,4
928,25,2,20,5
929,56,2,16,5
930,25,1,15,7
931,25,1,5,8
932,56,2,1,9
933,35,2,6,0
934,45,1,1,3
935,35,2,7,7
936,35,1,14,9
937,18,1,4,8
938,25,1,15,3
939,25,2,1,3
940,25,2,20,7
941,1,1,10,3
942,18,1,20,5
943,50,2,6,0
944,45,2,12,7
945,35,1,0,5
946,45,1,7,4
947,35,1,7,3
948,18,1,0,0
949,56,1,12,9
950,50,1,17,4
951,35,1,7,3
952,45,1,2,3
953,56,1,16,3
954,50,1,20,9
955,25,2,0,5
956,50,2,7,9
957,35,1,1,7
958,35,1,1,3
959,35,1,2,5
960,50,1,11,4
961,1,1,10,3
962,18,1,10,4
963,25,2,1,3
964,25,1,0,3
965,25,1,7,9
966,56,1,7,3
967,56,1,2,3
968,18,2,0,5
969,50,1,12,7
970,25,2,11,5
971,25,1,0,3
972,25,1,12,7
973,45,1,1,7
974,25,2,1,9
975,35,1,19,0
976,35,1,0,8
977,35,1,14,9
978,25,1,2,8
979,18,1,0,3
980,1,1,10,7
981,25,1,6,5
982,25,1,20,7
983,25,2,9,0
984,25,2,16,4
985,50,1,16,4
986,25,1,4,5
987,56,2,0,3
988,35,2,17,1
989,50,1,11,3
990,50,1,0,5
991,18,1,6,5
992,25,2,9,4
993,35,2,3,6
994,25,1,0,1
995,18,1,2,0
996,18,2,4,3
997,25,1,17,6
998,1,1,19,3
999,45,1,20,5
1000,25,1,15,3
1001,25,2,6,4
1002,25,1,4,3
1003,50,1,11,5
1004,25,1,2,3
1005,25,1,3,4
1006,35,1,11,5
1007,18,1,4,6
1008,50,1,12,6
1009,35,1,3,8
1010,50,1,7,9
1011,25,1,0,9
1012,25,1,8,0
1013,35,2,1,0
1014,56,1,13,4
1015,45,2,17,7
1016,35,1,3,5
1017,56,1,16,8
1018,35,1,0,9
1019,18,1,4,5
1020,35,1,1,7
1021,18,1,20,3
1022,35,1,0,3
1023,25,1,3,3
1024,56,1,13,4
1025,35,2,1,5
1026,25,1,16,4
1027,45,2,0,9
1028,18,1,4,7
1029,45,2,7,3
1030,25,1,0,3
1031,25,1,7,8
1032,35,1,16,8
1033,50,1,16,5
1034,25,1,5,4
1035,35,2,1,5
1036,18,1,2,8
1037,35,1,7,8
1038,45,1,7,7
1039,56,2,15,8
1040,35,2,1,7
1041,25,1,11,8
1042,45,1,2,9
1043,35,1,5,7
1044,50,2,11,4
1045,25,1,20,7
1046,1,2,10,3
1047,56,1,18,4
1048,18,1,0,7
1049,35,1,6,9
1050,45,1,14,6
1051,25,1,1,3
1052,25,2,0,9
1053,35,2,2,3
1054,35,1,0,6
1055,1,1,10,4
1056,35,1,0,0
1057,1,1,0,8
1058,45,1,17,5
1059,25,1,1,5
1060,25,2,0,4
1061,18,1,10,8
1062,45,1,0,3
1063,50,1,19,8
1064,35,1,7,5
1065,25,1,7,0
1066,25,2,0,6
1067,45,1,12,4
1068,35,1,12,8
1069,18,2,4,4
1070,25,1,20,4
1071,45,2,2,0
1072,50,1,16,7
1073,35,2,7,5
1074,25,2,6,4
1075,45,1,17,5
1076,25,2,6,4
1077,25,2,3,5
1078,25,1,3,7
1079,45,2,9,0
1080,25,1,7,3
1081,56,1,7,4
1082,18,1,4,1
1083,45,1,7,4
1084,56,1,0,4
1085,1,1,19,3
1086,25,1,7,9
1087,18,1,4,4
1088,25,1,16,7
1089,1,2,10,9
1090,35,1,6,7
1091,25,1,7,8
1092,18,1,5,3
1093,18,2,4,5
1094,50,1,14,4
1095,18,2,0,3
1096,56,2,6,7
1097,1,1,10,9
1098,18,1,17,3
1099,35,1,7,6
1100,25,1,17,5
1101,25,1,0,5
1102,35,1,1,8
1103,18,1,1,6
1104,45,2,7,9
1105,35,1,11,5
1106,35,1,6,5
1107,18,1,4,0
1108,50,2,1,6
1109,56,1,1,6
1110,18,1,10,5
1111,56,2,6,5
1112,50,2,16,0
1113,18,1,6,3
1114,18,1,4,5
1115,18,2,9,4
1116,25,2,1,9
1117,25,1,15,7
1118,18,1,14,9
1119,50,1,13,7
1120,35,1,1,9
1121,18,1,4,8
1122,56,1,7,5
1123,56,1,14,6
1124,50,1,0,3
1125,25,1,2,4
1126,18,2,4,9
1127,56,1,16,1
1128,25,1,0,3
1129,25,1,1,7
1130,35,1,17,8
1131,18,1,7,4
1132,56,1,13,0
1133,18,1,12,7
1134,18,1,2,7
1135,18,1,20,4
1136,50,1,13,5
1137,35,2,7,3
1138,18,1,4,9
1139,18,1,12,4
1140,25,1,1,3
1141,45,2,2,7
1142,25,2,3,7
1143,18,1,1,8
1144,50,1,7,8
1145,25,1,7,0
1146,50,1,3,5
1147,18,2,16,3
1148,25,1,20,5
1149,35,1,17,8
1150,25,1,12,5
1151,25,2,20,3
1152,25,1,15,3
1153,18,1,4,3
1154,18,1,10,3
1155,1,2,10,2
1156,25,1,12,3
1157,50,2,2,9
1158,45,1,7,3
1159,35,2,1,9
1160,18,1,0,3
1161,18,1,14,3
1162,25,1,0,4
1163,35,2,0,7
1164,1,1,10,3
1165,25,2,19,5
1166,25,1,12,3
1167,56,1,6,4
1168,50,2,1,0
1169,25,2,0,5
1170,25,1,20,5
1171,56,1,3,9
1172,45,1,12,3
1173,25,2,0,9
1174,25,2,7,3
1175,18,2,16,9
1176,25,2,2,4
1177,56,1,1,4
1178,25,2,17,9
1179,56,1,0,2
1180,50,1,1,8
1181,50,2,20,0
1182,35,1,7,9
1183,1,1,10,3
1184,35,1,19,5
1185,25,2,4,0
1186,35,2,1,4
1187,18,1,19,7
1188,1,2,0,8
1189,45,1,7,6
1190,25,1,0,8
1191,45,1,0,2
1192,35,2,0,8
1193,50,1,16,0
1194,25,1,12,5
1195,25,2,1,5
1196,1,2,10,3
1197,18,2,14,1
1198,35,1,1,0
1199,1,1,10,4
1200,50,1,13,0
1201,1,1,0,4
1202,18,1,4,4
1203,35,1,12,4
1204,25,2,1,8
1205,25,1,7,3
1206,56,2,0,7
1207,50,2,7,4
1208,50,1,0,0
1209,25,1,0,3
1210,35,1,7,7
1211,25,1,17,0
1212,18,1,4,9
1213,50,2,1,3
1214,50,1,0,1
1215,56,1,13,0
1216,35,1,17,4
1217,25,1,2,5
1218,25,1,12,6
1219,56,1,15,9
1220,25,1,7,3
1221,1,1,10,1
1222,18,1,0,7
1223,35,1,0,9
1224,25,1,2,3
1225,50,1,13,3
1226,45,1,7,7
1227,18,1,20,6
1228,50,1,1,4
1229,25,1,1,8
1230,25,2,4,9
1231,25,1,11,8
1232,25,1,12,3
1233,18,2,4,5
1234,45,2,20,7
1235,18,1,4,3
1236,25,2,7,1
1237,25,2,1,6
1238,18,1,4,4
1239,35,2,20,5
1240,25,2,20,9
1241,18,2,14,0
1242,1,1,10,8
1243,35,2,0,9
1244,35,1,15,8
1245,25,1,4,7
1246,25,1,17,0
1247,18,1,4,9
1248,35,1,0,7
1249,35,2,20,4
1250,35,1,2,4
1251,50,1,0,9
1252,25,1,7,3
1253,56,1,13,5
1254,35,2,20,4
1255,18,2,1,8
1256,25,1,17,8
1257,25,1,20,3
1258,18,2,14,6
1259,45,1,7,0
1260,35,1,7,0
1261,25,1,17,5
1262,18,1,4,8
1263,25,1,4,9
1264,1,1,10,4
1265,25,1,1,4
1266,18,2,20,3
1267,25,1,4,3
1268,25,1,15,1
1269,50,1,2,4
1270,56,2,13,3
1271,25,1,6,7
1272,45,2,6,4
1273,18,1,20,3
1274,35,1,2,3
1275,45,1,7,8
1276,50,1,17,3
1277,35,1,17,3
1278,18,2,0,6
1279,18,1,4,5
1280,35,1,1,0
1281,1,1,10,3
1282,25,1,19,5
1283,50,1,1,0
1284,18,2,1,3
1285,45,1,16,5
1286,35,1,4,5
1287,35,1,17,5
1288,50,2,7,3
1289,35,2,19,4
1290,45,1,6,5
1291,35,1,0,3
1292,35,2,0,4
1293,25,1,7,3
1294,25,1,5,8
1295,50,2,20,3
1296,35,2,6,7
1297,1,1,0,9
1298,25,1,7,8
1299,35,1,6,7
1300,25,1,14,7
1301,1,1,10,9
1302,25,2,2,9
1303,18,1,4,3
1304,25,1,19,4
1305,25,1,14,4
1306,45,1,20,9
1307,25,1,3,5
1308,56,1,13,3
1309,1,1,10,3
1310,25,1,14,6
1311,45,1,0,3
1312,18,1,10,6
1313,25,1,14,5
1314,18,1,4,3
1315,18,2,4,5
1316,35,1,7,4
1317,50,1,2,1
1318,45,1,7,6
1319,18,1,16,6
1320,25,2,3,7
1321,25,1,4,0
1322,25,2,14,3
1323,56,1,0,7
1324,35,2,2,8
1325,35,1,16,8
1326,25,1,1,4
1327,25,2,0,0
1328,1,1,10,3
1329,35,1,14,6
1330,18,1,14,4
1331,56,1,1,5
1332,45,1,0,5
1333,25,1,7,4
1334,25,1,17,4
1335,50,1,7,9
1336,35,1,0,9
1337,50,2,20,4
1338,56,1,17,3
1339,25,1,0,5
1340,35,1,18,7
1341,25,1,7,6
1342,18,1,7,9
1343,35,1,0,3
1344,35,1,14,7
1345,25,2,9,4
1346,25,2,2,7
1347,35,1,20,1
1348,18,2,1,3
1349,1,2,10,0
1350,50,1,7,4
1351,35,2,0,3
1352,25,2,17,8
1353,35,1,20,5
1354,1,1,10,9
1355,25,2,2,1
1356,45,2,20,3
1357,18,2,4,9
1358,45,1,0,7
1359,35,1,17,3
1360,35,1,1,3
1361,25,1,20,7
1362,25,2,0,5
1363,35,1,12,5
1364,50,1,7,3
1365,45,2,2,4
1366,1,2,10,3
1367,1,1,10,5
1368,25,1,12,5
1369,25,2,3,4
1370,25,1,5,3
1371,35,1,2,3
1372,50,2,2,0
1373,1,1,10,3
1374,25,2,1,8
1375,50,1,1,3
1376,45,2,5,3
1377,45,2,1,3
1378,35,1,16,5
1379,45,2,7,7
1380,56,2,13,9
1381,1,1,10,9
1382,18,1,11,4
1383,45,2,1,4
1384,25,2,7,5
1385,18,1,10,0
1386,25,2,5,4
1387,25,2,0,7
1388,50,2,13,7
1389,56,1,20,3
1390,25,1,17,3
1391,35,1,16,9
1392,35,1,15,4
1393,45,1,3,5
1394,18,1,4,8
1395,25,2,3,3
1396,25,1,2,4
1397,25,2,12,8
1398,35,1,7,4
1399,56,2,16,0
1400,18,1,17,3
1401,25,1,7,3
1402,18,2,1,5
1403,18,1,4,4
1404,25,2,0,7
1405,50,1,16,5
1406,56,1,13,3
1407,25,1,4,1
1408,35,2,15,3
1409,25,1,0,5
1410,18,1,4,7
1411,50,1,7,7
1412,35,1,1,5
1413,25,1,17,3
1414,18,1,3,9
1415,18,1,4,5
1416,45,1,14,5
1417,25,1,14,9
1418,35,1,16,5
1419,18,1,4,3
1420,25,2,1,3
1421,18,1,4,4
1422,1,2,10,7
1423,35,1,17,9
1424,25,1,4,4
1425,35,1,0,8
1426,1,1,10,6
1427,18,1,14,5
1428,25,1,12,4
1429,45,2,11,0
1430,35,2,3,0
1431,18,1,4,3
1432,56,1,6,0
1433,35,1,1,6
1434,18,2,14,0
1435,1,2,10,4
1436,25,1,14,5
1437,50,2,6,5
1438,50,1,3,8
1439,18,1,2,7
1440,35,1,3,7
1441,35,1,12,3
1442,35,1,16,9
1443,18,1,2,3
1444,35,1,2,4
1445,25,2,4,7
1446,25,1,2,6
1447,35,1,12,3
1448,18,1,4,8
1449,25,2,3,3
1450,35,1,20,8
1451,18,1,4,8
1452,35,1,20,7
1453,56,2,13,8
1454,25,1,14,3
1455,18,1,4,3
1456,45,2,0,8
1457,25,1,2,6
1458,25,1,1,3
1459,1,1,0,3
1460,25,2,0,3
1461,18,2,4,4
1462,45,2,0,3
1463,35,1,16,6
1464,50,1,16,4
1465,35,1,12,3
1466,50,1,16,5
1467,18,1,4,9
1468,25,1,5,3
1469,1,1,14,4
1470,56,1,20,6
1471,18,1,4,3
1472,25,1,17,3
1473,25,1,7,3
1474,25,1,14,3
1475,25,1,4,7
1476,25,2,2,8
1477,18,2,0,8
1478,45,2,1,3
1479,1,1,10,1
1480,50,2,2,3
1481,25,1,20,0
1482,35,1,17,3
1483,25,1,7,9
1484,18,1,4,7
1485,25,1,12,7
1486,25,2,9,3
1487,25,1,16,6
1488,35,1,7,1
1489,25,1,7,0
1490,35,2,2,4
1491,50,1,7,4
1492,18,1,4,8
1493,25,1,12,7
1494,25,2,14,4
1495,25,1,17,4
1496,18,1,0,9
1497,25,1,17,3
1498,50,1,5,8
1499,18,1,4,4
1500,1,1,10,8
1501,25,1,17,7
1502,25,1,11,2
1503,18,1,4,4
1504,25,1,12,3
1505,18,1,19,9
1506,50,1,11,2
1507,25,1,7,4
1508,35,1,17,3
1509,1,2,10,3
1510,1,1,0,3
1511,25,2,1,7
1512,35,1,12,3
1513,25,1,20,6
1514,35,2,16,3
1515,18,1,4,3
1516,25,1,16,2
1517,25,2,12,3
1518,18,1,0,9
1519,25,1,2,0
1520,18,1,4,8
1521,25,1,17,8
1522,25,2,7,8
1523,35,1,20,3
1524,25,1,17,8
1525,18,1,4,7
1526,25,2,16,4
1527,56,1,17,9
1528,18,1,10,3
1529,25,1,15,3
1530,18,1,4,0
1531,25,1,4,8
1532,45,1,17,3
1533,18,1,14,3
1534,45,1,1,8
1535,50,1,12,0
1536,18,2,20,7
1537,35,2,3,4
1538,18,1,20,3
1539,25,1,3,8
1540,25,1,3,1
1541,45,1,0,4
1542,56,1,17,3
1543,18,1,17,5
1544,25,1,11,5
1545,25,1,12,5
1546,25,1,20,5
1547,25,1,4,4
1548,56,1,13,5
1549,35,1,1,5
1550,35,1,6,8
1551,18,1,4,7
1552,25,1,11,5
1553,45,1,20,6
1554,25,2,15,4
1555,35,2,12,9
1556,18,2,0,7
1557,18,1,4,9
1558,18,2,4,7
1559,18,1,6,4
1560,35,1,8,3
1561,25,2,3,6
1562,18,2,4,7
1563,18,1,20,9
1564,1,2,10,3
1565,50,1,1,4
1566,45,1,17,6
1567,35,1,16,6
1568,25,1,12,3
1569,1,2,10,3
1570,56,2,13,4
1571,18,1,17,3
1572,25,1,20,6
1573,25,2,3,5
1574,1,1,0,3
1575,25,1,6,0
1576,50,2,7,3
1577,45,2,9,3
1578,56,1,0,3
1579,18,1,4,6
1580,25,1,0,8
1581,18,2,4,3
1582,18,2,4,0
1583,18,1,0,8
1584,35,1,6,5
1585,25,1,19,5
1586,56,1,20,5
1587,45,1,7,4
1588,25,2,3,4
1589,25,1,11,7
1590,25,1,0,7
1591,35,1,1,3
1592,50,1,7,5
1593,35,1,7,5
1594,25,1,16,3
1595,35,2,20,4
1596,35,1,1,9
1597,18,2,5,5
1598,25,1,12,3
1599,35,1,13,6
1600,25,1,0,4
1601,35,1,7,8
1602,25,1,12,4
1603,25,2,7,9
1604,25,2,0,3
1605,25,1,11,3
1606,18,2,0,8
1607,35,2,3,3
1608,45,1,1,3
1609,25,1,11,7
1610,35,2,9,4
1611,25,1,11,3
1612,25,1,0,3
1613,25,1,17,4
1614,18,1,20,3
1615,35,1,0,9
1616,45,2,7,1
1617,25,1,0,3
1618,25,1,12,9
1619,50,1,0,9
1620,50,1,3,8
1621,25,1,20,8
1622,25,1,4,2
1623,18,1,4,0
1624,50,1,15,4
1625,25,1,0,8
1626,45,1,0,3
1627,18,1,4,8
1628,18,1,17,6
1629,18,1,20,3
1630,18,1,4,3
1631,45,1,17,9
1632,50,2,0,0
1633,25,1,16,7
1634,45,2,7,0
1635,56,2,0,7
1636,25,1,0,4
1637,25,2,19,3
1638,56,1,0,4
1639,18,2,17,3
1640,25,1,17,5
1641,35,1,17,5
1642,25,1,0,5
1643,50,1,13,0
1644,45,1,2,8
1645,18,1,12,3
1646,18,2,9,4
1647,25,1,20,9
1648,18,1,18,9
1649,50,1,14,4
1650,18,1,19,5
1651,25,1,19,3
1652,25,1,12,3
1653,25,1,16,0
1654,18,1,0,0
1655,45,2,0,3
1656,18,1,4,4
1657,25,1,17,6
1658,45,2,0,3
1659,35,2,6,8
1660,18,2,9,7
1661,25,2,2,7
1662,35,1,7,2
1663,25,1,12,3
1664,18,1,4,6
1665,18,2,4,3
1666,45,1,17,7
1667,25,1,14,8
1668,50,1,16,4
1669,35,1,2,7
1670,25,2,17,0
1671,56,2,13,3
1672,35,1,0,6
1673,25,1,17,3
1674,1,1,10,4
1675,35,1,2,0
1676,25,2,6,9
1677,18,1,4,9
1678,18,1,14,8
1679,18,2,17,3
1680,25,1,12,2
1681,25,1,20,4
1682,18,1,4,6
1683,25,1,2,3
1684,25,2,7,7
1685,18,1,3,4
1686,35,1,12,5
1687,35,1,12,0
1688,25,1,3,4
1689,18,2,4,9
1690,35,1,5,4
1691,35,1,16,9
1692,25,2,17,4
1693,35,1,20,7
1694,25,1,12,7
1695,25,1,12,7
1696,25,1,1,5
1697,35,1,7,3
1698,18,2,4,8
1699,35,1,2,8
1700,25,2,19,7
1701,25,1,20,8
1702,25,2,4,5
1703,18,1,10,4
1704,18,1,15,0
1705,25,1,4,4
1706,18,2,4,4
1707,25,1,20,7
1708,50,1,1,2
1709,25,1,0,3
1710,25,1,0,8
1711,18,1,0,8
1712,18,2,4,0
1713,25,1,0,3
1714,25,1,0,5
1715,25,1,17,7
1716,25,1,16,3
1717,25,1,0,4
1718,50,2,6,9
1719,18,1,4,0
1720,18,1,16,2
1721,18,1,4,3
1722,18,1,19,8
1723,35,1,0,4
1724,35,1,17,0
1725,18,1,4,9
1726,18,1,19,7
1727,25,1,2,8
1728,35,1,16,3
1729,18,1,4,4
1730,25,1,7,0
1731,18,2,4,3
1732,18,2,0,9
1733,18,1,4,3
1734,18,1,14,3
1735,45,1,17,3
1736,18,1,20,6
1737,56,1,8,8
1738,35,1,20,9
1739,35,1,16,4
1740,56,1,16,4
1741,56,1,1,0
1742,35,1,7,5
1743,25,1,15,9
1744,35,1,17,7
1745,35,1,12,8
1746,45,1,0,3
1747,25,1,4,3
1748,25,1,0,3
1749,50,1,1,7
1750,25,1,2,3
1751,50,1,5,9
1752,35,1,20,6
1753,25,1,3,5
1754,35,1,6,7
1755,18,1,19,3
1756,18,2,4,3
1757,25,2,1,4
1758,25,1,4,8
1759,25,2,0,0
1760,25,1,16,4
1761,25,2,3,0
1762,35,1,0,8
1763,25,1,14,5
1764,35,1,7,4
1765,18,1,0,4
1766,18,1,4,9
1767,45,2,0,9
1768,25,1,20,5
1769,45,1,16,6
1770,25,1,17,4
1771,35,1,16,8
1772,25,1,17,4
1773,56,1,2,7
1774,18,1,4,0
1775,25,1,17,5
1776,25,1,4,8
1777,25,1,0,4
1778,25,1,20,3
1779,18,1,4,4
1780,18,1,1,9
1781,35,1,1,4
1782,35,2,0,7
1783,45,1,0,6
1784,18,1,4,6
1785,18,1,20,4
1786,18,1,4,3
1787,45,1,1,7
1788,18,1,8,3
1789,45,1,2,8
1790,1,1,10,3
1791,25,1,0,4
1792,18,1,4,9
1793,25,2,2,0
1794,25,1,4,8
1795,25,1,11,4
1796,18,1,17,7
1797,50,1,11,8
1798,35,1,7,4
1799,45,1,11,8
1800,35,1,11,5
1801,18,1,4,1
1802,25,2,6,3
1803,18,1,4,5
1804,25,1,2,5
1805,25,1,7,4
1806,18,1,4,3
1807,18,1,4,3
1808,18,1,17,5
1809,18,2,4,0
1810,25,2,14,5
1811,50,1,13,7
1812,56,1,2,2
1813,25,2,12,8
1814,35,2,6,0
1815,50,1,7,4
1816,1,1,1,1
1817,35,2,9,0
1818,35,1,1,3
1819,1,1,8,0
1820,35,2,12,9
1821,25,1,20,4
1822,25,1,20,6
1823,25,2,0,7
1824,35,2,1,4
1825,18,2,4,1
1826,25,1,7,5
1827,45,1,11,4
1828,25,2,1,8
1829,18,1,4,3
1830,25,1,16,9
1831,18,1,4,3
1832,18,1,4,3
1833,18,2,4,3
1834,18,1,17,5
1835,35,1,5,5
1836,25,1,19,8
1837,25,1,0,3
1838,25,1,2,9
1839,35,1,7,6
1840,18,1,4,3
1841,25,1,12,3
1842,18,1,0,3
1843,18,1,4,3
1844,25,1,12,5
1845,18,2,4,3
1846,25,1,2,9
1847,45,1,12,7
1848,18,1,4,0
1849,35,1,5,2
1850,35,1,7,0
1851,18,1,5,9
1852,25,1,19,5
1853,25,1,12,5
1854,50,1,0,8
1855,25,1,0,5
1856,18,1,4,3
1857,56,1,7,7
1858,1,1,10,0
1859,18,2,4,3
1860,25,2,4,4
1861,56,1,16,3
1862,50,1,16,4
1863,50,1,14,1
1864,18,1,4,4
1865,35,1,7,4
1866,18,2,1,3
1867,25,1,7,9
1868,50,1,7,3
1869,50,1,11,7
1870,45,1,14,6
1871,56,1,13,9
1872,45,2,1,7
1873,50,1,20,3
1874,35,1,7,4
1875,45,1,7,3
1876,35,1,12,7
1877,25,1,12,3
1878,45,2,20,3
1879,1,1,10,3
1880,25,1,4,0
1881,35,1,0,4
1882,35,1,2,6
1883,35,1,16,3
1884,50,2,0,8
1885,45,1,20,5
1886,50,1,17,4
1887,25,1,12,5
1888,56,1,15,8
1889,35,1,12,5
1890,18,1,14,8
1891,50,1,6,8
1892,45,1,1,6
1893,25,1,20,3
1894,35,2,0,2
1895,35,2,7,7
1896,35,1,14,3
1897,56,1,13,0
1898,50,2,2,3
1899,25,1,12,3
1900,45,2,6,4
1901,56,1,12,5
1902,50,1,7,3
1903,25,1,19,5
1904,35,1,0,5
1905,18,1,1,3
1906,35,2,20,3
1907,25,2,5,6
1908,35,1,17,3
1909,56,1,13,4
1910,18,1,4,4
1911,1,1,10,0
1912,18,2,4,9
1913,25,1,4,4
1914,25,1,17,9
1915,35,2,14,0
1916,50,1,13,4
1917,45,1,7,8
1918,18,1,10,3
1919,45,2,6,3
1920,1,1,0,4
1921,35,2,7,7
1922,56,1,12,3
1923,25,2,7,4
1924,35,1,7,8
1925,56,2,6,4
1926,50,1,7,7
1927,1,2,0,3
1928,35,1,7,3
1929,1,1,10,9
1930,1,2,10,7
1931,25,1,15,7
1932,25,1,2,6
1933,25,1,7,6
1934,18,1,19,2
1935,25,1,17,4
1936,1,1,10,4
1937,35,1,0,2
1938,25,1,11,4
1939,25,2,2,3
1940,35,2,2,5
1941,25,1,12,2
1942,35,1,17,3
1943,35,1,5,3
1944,18,1,4,7
1945,18,2,4,4
1946,25,1,20,3
1947,25,1,14,4
1948,25,1,7,3
1949,1,1,10,3
1950,18,1,17,3
1951,25,1,12,8
1952,18,2,4,3
1953,35,1,1,3
1954,25,2,2,8
1955,25,1,16,3
1956,1,1,19,1
1957,35,1,0,7
1958,18,2,4,8
1959,25,2,1,6
1960,50,2,13,9
1961,45,1,7,8
1962,50,2,3,5
1963,18,2,1,3
1964,50,2,9,5
1965,25,2,6,4
1966,56,1,17,3
1967,25,1,20,9
1968,50,1,7,5
1969,25,1,11,0
1970,25,2,3,7
1971,50,1,13,3
1972,25,2,14,0
1973,45,1,17,7
1974,25,1,1,6
1975,35,1,17,4
1976,18,1,4,9
1977,35,1,5,3
1978,56,1,6,3
1979,1,1,10,8
1980,56,1,17,3
1981,35,1,7,4
1982,56,1,1,3
1983,1,1,10,9
1984,25,1,14,4
1985,18,1,10,4
1986,45,1,12,5
1987,50,1,13,3
1988,25,1,17,7
1989,25,2,1,5
1990,50,1,6,3
1991,25,1,7,3
1992,25,1,20,9
1993,18,1,4,8
1994,35,1,17,1
1995,35,1,2,0
1996,25,1,1,3
1997,35,1,0,3
1998,25,1,0,4
1999,50,2,9,4
2000,35,2,3,7
2001,18,1,4,3
2002,50,1,1,6
2003,56,2,13,3
2004,1,1,10,4
2005,45,1,19,6
2006,18,1,4,8
2007,35,1,0,9
2008,50,1,16,7
2009,25,1,3,5
2010,35,2,7,4
2011,18,1,4,9
2012,35,2,3,4
2013,25,1,4,9
2014,45,1,0,0
2015,18,1,4,3
2016,18,1,4,9
2017,56,2,2,5
2018,25,1,17,0
2019,35,1,16,8
2020,50,1,1,7
2021,25,1,7,4
2022,25,1,0,4
2023,25,1,7,3
2024,18,1,4,1
2025,1,1,19,9
2026,56,1,13,4
2027,50,1,16,5
2028,25,2,9,7
2029,45,1,6,3
2030,25,2,12,7
2031,25,1,4,5
2032,35,1,20,5
2033,50,1,14,3
2034,45,2,20,6
2035,45,2,2,9
2036,18,2,0,4
2037,25,2,14,3
2038,56,1,14,3
2039,45,2,1,4
2040,50,1,16,3
2041,25,2,7,7
2042,25,2,20,9
2043,1,1,10,5
2044,25,1,14,9
2045,45,2,0,0
2046,1,2,0,3
2047,35,1,1,4
2048,1,1,10,9
2049,50,1,6,1
2050,50,2,0,6
2051,35,2,3,9
2052,35,1,7,4
2053,1,1,10,0
2054,45,1,11,6
2055,25,1,12,3
2056,50,1,11,8
2057,25,1,4,7
2058,35,1,1,8
2059,56,2,1,3
2060,35,1,0,7
2061,1,1,1,4
2062,56,1,1,2
2063,18,1,4,3
2064,25,1,4,9
2065,35,1,1,8
2066,25,1,6,0
2067,25,2,6,8
2068,50,1,16,3
2069,35,2,12,5
2070,56,1,15,3
2071,35,2,6,4
2072,45,1,7,7
2073,50,2,12,7
2074,18,2,4,8
2075,18,1,4,3
2076,25,2,4,8
2077,18,1,4,4
2078,18,1,0,6
2079,18,1,4,9
2080,1,1,10,5
2081,25,1,11,3
2082,18,1,17,6
2083,1,1,19,3
2084,18,1,4,4
2085,18,1,4,1
2086,18,1,0,4
2087,35,1,14,8
2088,25,1,0,9
2089,50,1,7,8
2090,35,1,17,9
2091,35,1,17,8
2092,35,2,20,7
2093,56,1,1,4
2094,18,1,0,8
2095,35,1,2,5
2096,56,1,13,9
2097,25,2,17,5
2098,18,1,5,7
2099,35,1,20,8
2100,18,2,0,4
2101,25,2,0,0
2102,25,1,16,6
2103,25,1,11,8
2104,35,1,12,4
2105,45,1,15,0
2106,25,1,1,3
2107,18,2,20,4
2108,25,1,1,0
2109,1,1,10,3
2110,25,1,16,4
2111,50,1,11,8
2112,56,1,13,1
2113,45,2,12,9
2114,25,1,6,8
2115,18,1,18,8
2116,35,1,17,0
2117,18,1,4,3
2118,56,1,13,7
2119,25,1,14,5
2120,35,1,4,5
2121,1,1,0,3
2122,56,1,13,9
2123,35,1,12,8
2124,35,2,0,7
2125,25,1,0,5
2126,35,1,3,9
2127,56,1,14,3
2128,18,1,4,3
2129,45,2,1,2
2130,25,1,5,3
2131,45,1,0,4
2132,25,1,0,9
2133,56,1,14,3
2134,1,2,10,3
2135,18,1,10,8
2136,50,1,1,0
2137,35,1,18,4
2138,1,2,10,1
2139,18,2,4,8
2140,50,2,3,7
2141,45,1,14,7
2142,50,2,16,0
2143,45,2,14,7
2144,18,1,4,5
2145,18,1,0,8
2146,18,1,10,5
2147,18,1,2,3
2148,18,2,0,3
2149,18,2,0,7
2150,25,1,0,3
2151,18,2,4,3
2152,56,1,13,4
2153,18,1,4,0
2154,18,1,16,4
2155,25,1,12,4
2156,1,2,10,7
2157,18,1,19,4
2158,18,2,3,9
2159,25,1,12,6
2160,50,2,14,2
2161,18,2,19,4
2162,35,2,2,5
2163,1,2,10,3
2164,18,1,0,8
2165,35,1,0,9
2166,25,1,7,9
2167,1,1,10,4
2168,25,2,6,4
2169,1,1,10,9
2170,1,1,0,4
2171,50,2,16,4
2172,35,1,0,5
2173,18,1,20,7
2174,50,1,13,4
2175,50,1,12,8
2176,25,1,4,4
2177,1,1,19,8
2178,35,2,20,4
2179,45,1,14,0
2180,25,2,0,5
2181,25,1,12,6
2182,25,1,0,9
2183,25,2,4,3
2184,56,2,1,0
2185,18,1,4,4
2186,45,1,17,9
2187,18,1,5,7
2188,45,1,16,4
2189,18,2,19,3
2190,1,1,10,4
2191,25,2,15,3
2192,18,1,4,4
2193,25,2,0,5
2194,1,1,10,5
2195,25,1,17,7
2196,1,1,10,9
2197,25,1,12,4
2198,25,2,1,8
2199,35,2,9,8
2200,1,1,10,7
2201,35,1,1,8
2202,56,1,20,9
2203,1,2,10,7
2204,45,1,12,5
2205,56,1,3,3
2206,25,2,7,9
2207,45,1,7,5
2208,18,1,4,0
2209,25,1,0,8
2210,35,1,7,3
2211,45,1,17,4
2212,45,1,6,8
2213,18,1,4,4
2214,25,2,0,4
2215,25,2,1,5
2216,25,2,0,8
2217,25,2,20,8
2218,1,1,10,3
2219,35,1,17,2
2220,25,1,6,9
2221,50,2,3,7
2222,56,1,17,5
2223,45,2,1,4
2224,25,1,2,8
2225,25,1,12,3
2226,25,1,5,8
2227,25,2,7,1
2228,50,1,14,6
2229,25,1,12,4
2230,45,1,0,4
2231,45,2,1,3
2232,50,1,11,7
2233,25,1,14,3
2234,35,2,3,4
2235,56,1,1,5
2236,1,1,10,7
2237,1,1,10,7
2238,35,2,6,9
2239,25,2,4,4
2240,18,1,10,4
2241,45,1,12,7
2242,45,1,5,7
2243,18,1,4,6
2244,45,1,2,4
2245,1,1,10,7
2246,1,1,10,0
2247,25,1,0,3
2248,45,1,2,8
2249,35,2,12,5
2250,25,1,5,8
2251,18,1,19,5
2252,35,1,14,6
2253,18,2,1,0
2254,50,2,0,5
2255,35,1,5,7
2256,35,2,6,7
2257,45,2,15,3
2258,18,2,4,6
2259,18,2,4,9
2260,56,2,16,5
2261,25,2,20,1
2262,25,1,5,6
2263,45,1,17,8
2264,25,1,6,9
2265,45,2,7,7
2266,56,1,13,7
2267,50,2,2,7
2268,56,2,13,3
2269,35,2,1,7
2270,45,2,0,2
2271,18,1,1,4
2272,50,1,14,4
2273,25,1,0,3
2274,25,1,6,8
2275,18,1,2,6
2276,56,1,7,4
2277,56,1,13,7
2278,45,2,9,4
2279,50,1,17,8
2280,50,1,7,8
2281,56,1,6,0
2282,45,1,11,3
2283,50,1,2,3
2284,35,1,18,0
2285,25,1,20,7
2286,1,2,10,3
2287,35,1,17,6
2288,56,1,0,3
2289,1,1,10,9
2290,50,2,1,4
2291,25,1,0,7
2292,45,1,1,1
2293,50,1,15,6
2294,56,2,3,4
2295,56,1,13,7
2296,45,1,11,7
2297,25,2,6,8
2298,56,1,13,6
2299,35,1,17,9
2300,18,2,10,9
2301,56,1,13,2
2302,25,2,12,7
2303,50,1,12,4
2304,50,1,17,5
2305,45,1,12,6
2306,50,1,20,3
2307,18,2,4,3
2308,25,1,17,3
2309,45,2,16,6
2310,45,2,0,9
2311,45,1,12,3
2312,25,2,4,6
2313,45,1,0,4
2314,50,2,6,4
2315,25,2,1,3
2316,56,1,7,0
2317,35,1,0,9
2318,45,2,9,3
2319,56,1,7,0
2320,35,1,7,4
2321,50,2,1,3
2322,25,1,7,3
2323,56,2,13,3
2324,35,1,3,9
2325,35,1,17,9
2326,18,2,4,0
2327,18,1,4,9
2328,18,1,10,4
2329,56,1,7,7
2330,56,2,15,5
2331,45,1,7,5
2332,56,1,1,8
2333,56,1,14,3
2334,50,1,6,0
2335,56,2,7,5
2336,50,1,17,7
2337,35,1,18,4
2338,35,1,17,4
2339,45,1,17,3
2340,56,2,3,0
2341,35,1,2,9
2342,56,1,1,5
2343,35,1,3,4
2344,45,2,1,0
2345,25,1,12,0
2346,35,1,16,4
2347,1,2,10,0
2348,35,1,1,0
2349,50,1,12,8
2350,25,1,8,7
2351,18,1,4,6
2352,25,2,0,3
2353,50,1,13,4
2354,35,2,9,3
2355,35,1,11,4
2356,45,2,9,4
2357,50,2,16,9
2358,35,2,14,3
2359,56,2,6,8
2360,56,1,13,7
2361,50,1,6,4
2362,56,1,7,0
2363,25,1,14,3
2364,50,1,14,0
2365,56,2,9,0
2366,50,1,7,6
2367,45,2,16,4
2368,25,2,9,5
2369,56,2,13,8
2370,35,1,14,4
2371,50,1,1,0
2372,35,2,7,7
2373,45,2,7,3
2374,45,1,7,1
2375,25,1,14,8
2376,50,2,7,7
2377,25,1,1,5
2378,35,1,0,1
2379,25,1,3,3
2380,18,1,18,0
2381,25,1,4,6
2382,35,2,9,4
2383,50,1,13,3
2384,25,2,14,8
2385,35,1,17,6
2386,45,2,2,3
2387,25,2,0,3
2388,25,1,17,8
2389,56,1,5,1
2390,25,1,16,8
2391,25,2,6,4
2392,50,1,18,9
2393,56,2,3,3
2394,56,1,13,0
2395,35,1,6,6
2396,35,1,7,5
2397,18,2,0,8
2398,35,2,11,3
2399,25,1,0,7
2400,35,1,17,3
2401,25,2,16,2
2402,25,1,4,8
2403,45,1,17,3
2404,18,1,4,3
2405,18,1,7,4
2406,50,1,8,7
2407,56,2,12,5
2408,35,1,16,5
2409,45,2,1,9
2410,35,2,9,6
2411,56,1,7,4
2412,35,2,14,8
2413,56,1,13,3
2414,56,2,7,4
2415,25,1,1,3
2416,25,1,7,0
2417,45,1,7,3
2418,45,1,1,9
2419,1,2,10,7
2420,25,1,0,8
2421,50,1,7,7
2422,35,1,7,8
2423,50,2,9,0
2424,45,2,9,8
2425,25,1,17,0
2426,35,2,14,4
2427,56,1,0,3
2428,25,2,14,2
2429,45,1,17,8
2430,25,1,2,8
2431,25,1,4,4
2432,25,2,4,3
2433,25,1,4,4
2434,25,1,4,3
2435,25,1,4,3
2436,25,1,4,3
2437,25,1,7,8
2438,25,1,4,0
2439,35,1,1,4
2440,45,1,17,3
2441,50,1,17,6
2442,45,2,6,0
2443,35,1,17,4
2444,35,2,0,4
2445,45,2,4,8
2446,25,1,0,3
2447,18,1,7,8
2448,25,1,14,3
2449,35,1,6,8
2450,56,1,13,7
2451,45,1,16,3
2452,45,1,12,3
2453,45,1,7,5
2454,25,1,7,4
2455,18,1,0,4
2456,35,1,7,9
2457,25,1,5,9
2458,25,1,0,9
2459,25,1,7,7
2460,50,1,7,5
2461,50,2,1,4
2462,18,1,4,4
2463,35,1,1,5
2464,25,1,7,3
2465,18,2,4,6
2466,50,1,6,8
2467,25,1,15,4
2468,1,1,10,6
2469,50,1,1,4
2470,25,1,4,6
2471,35,1,18,9
2472,50,1,13,4
2473,25,1,18,3
2474,25,1,12,4
2475,25,1,12,1
2476,25,2,18,7
2477,50,1,12,5
2478,45,1,0,4
2479,50,1,1,5
2480,25,2,1,3
2481,18,2,20,9
2482,35,1,14,8
2483,50,2,3,6
2484,56,1,13,7
2485,45,1,5,7
2486,35,1,14,5
2487,18,1,12,5
2488,45,1,7,8
2489,45,2,2,2
2490,35,2,9,5
2491,25,1,12,2
2492,35,1,7,5
2493,45,2,2,5
2494,45,1,2,9
2495,18,1,4,0
2496,18,2,4,4
2497,50,1,1,5
2498,50,2,14,8
2499,56,1,18,1
2500,50,1,0,3
2501,56,1,1,5
2502,25,1,15,6
2503,56,1,13,9
2504,35,1,17,4
2505,25,1,7,5
2506,25,1,7,6
2507,25,2,14,5
2508,25,1,4,8
2509,35,2,3,7
2510,25,1,5,9
2511,25,1,7,4
2512,25,1,7,9
2513,45,2,14,9
2514,56,1,1,3
2515,56,1,14,7
2516,45,1,12,6
2517,45,2,6,6
2518,35,2,9,7
2519,25,1,7,0
2520,45,2,2,7
2521,56,2,2,3
2522,35,1,17,8
2523,18,1,11,9
2524,25,1,17,5
2525,56,2,9,0
2526,35,2,1,0
2527,56,1,13,5
2528,35,1,15,3
2529,56,1,0,3
2530,35,2,9,0
2531,18,1,0,0
2532,45,2,7,0
2533,56,2,13,6
2534,25,2,3,5
2535,50,2,6,8
2536,56,2,2,4
2537,56,1,13,3
2538,35,1,11,3
2539,56,1,13,6
2540,35,1,7,7
2541,45,2,6,0
2542,35,2,5,2
2543,45,2,13,2
2544,35,2,0,9
2545,45,1,1,4
2546,56,1,13,8
2547,56,2,13,5
2548,35,2,0,9
2549,35,2,6,3
2550,56,1,13,3
2551,50,1,7,0
2552,25,1,12,7
2553,25,2,9,7
2554,25,1,7,0
2555,25,1,1,0
2556,56,1,7,5
2557,25,1,4,9
2558,18,2,19,4
2559,56,1,17,0
2560,18,1,10,4
2561,45,2,6,0
2562,25,1,15,3
2563,18,1,0,9
2564,45,1,13,1
2565,35,2,20,5
2566,35,1,5,5
2567,35,1,17,6
2568,25,1,0,8
2569,25,1,17,9
2570,45,1,0,4
2571,56,2,14,5
2572,35,1,17,5
2573,35,1,14,3
2574,45,1,16,6
2575,50,1,6,0
2576,35,1,7,6
2577,18,1,17,3
2578,25,1,7,4
2579,50,1,7,4
2580,35,1,15,7
2581,45,2,1,5
2582,25,1,11,9
2583,25,2,1,3
2584,35,1,7,4
2585,56,2,1,0
2586,45,1,15,7
2587,25,1,20,5
2588,35,1,7,3
2589,56,2,13,9
2590,25,1,0,8
2591,18,1,4,9
2592,18,1,1,4
2593,50,1,7,5
2594,56,1,16,4
2595,35,1,7,3
2596,18,1,4,4
2597,50,1,7,4
2598,50,2,0,4
2599,25,1,17,1
2600,25,1,12,9
2601,25,1,14,3
2602,35,1,16,4
2603,45,1,12,3
2604,25,1,17,3
2605,25,1,0,8
2606,35,1,7,8
2607,50,1,7,9
2608,56,2,0,3
2609,25,2,1,9
2610,50,2,12,4
2611,45,1,7,0
2612,25,1,3,5
2613,45,2,3,3
2614,35,1,1,0
2615,25,1,7,8
2616,25,1,7,3
2617,35,1,7,4
2618,45,2,15,7
2619,18,2,4,7
2620,35,1,12,9
2621,18,1,4,8
2622,18,1,0,9
2623,35,2,6,0
2624,56,1,1,6
2625,35,2,0,3
2626,35,1,7,9
2627,56,1,1,3
2628,25,1,1,8
2629,25,2,2,9
2630,25,1,11,7
2631,18,2,5,3
2632,50,2,1,3
2633,56,1,0,0
2634,35,2,9,9
2635,56,1,1,3
2636,35,1,0,3
2637,18,1,12,0
2638,35,2,20,6
2639,25,1,14,4
2640,25,2,6,3
2641,35,1,12,0
2642,25,1,6,5
2643,25,1,0,9
2644,45,1,17,5
2645,18,1,15,4
2646,25,1,7,8
2647,45,1,17,0
2648,35,2,11,8
2649,25,1,17,9
2650,25,1,16,4
2651,45,1,7,9
2652,56,1,14,3
2653,35,1,20,8
2654,25,1,7,2
2655,35,2,9,4
2656,35,1,7,7
2657,56,1,13,4
2658,1,2,10,6
2659,25,1,7,3
2660,35,1,14,5
2661,56,1,17,0
2662,56,1,13,3
2663,25,1,17,7
2664,25,2,4,7
2665,35,1,7,9
2666,35,1,11,4
2667,45,1,16,3
2668,35,2,6,6
2669,25,2,4,7
2670,45,1,0,9
2671,35,1,6,8
2672,35,2,12,3
2673,35,1,7,0
2674,35,1,7,5
2675,25,1,4,5
2676,35,1,18,4
2677,56,1,20,8
2678,35,2,7,6
2679,25,1,6,4
2680,18,2,4,8
2681,25,1,12,8
2682,25,2,4,4
2683,18,1,4,2
2684,35,1,7,6
2685,18,2,0,5
2686,45,1,7,4
2687,25,1,0,9
2688,1,1,10,8
2689,25,1,17,8
2690,25,1,12,6
2691,25,1,7,0
2692,18,1,4,9
2693,18,2,4,9
2694,56,1,13,3
2695,18,1,4,3
2696,35,1,11,3
2697,25,1,7,9
2698,50,2,17,5
2699,25,2,2,7
2700,56,2,13,5
2701,25,1,7,9
2702,45,1,1,9
2703,45,1,6,8
2704,35,1,11,2
2705,56,1,13,9
2706,25,1,1,0
2707,25,2,1,4
2708,56,1,13,4
2709,25,1,7,2
2710,25,2,0,9
2711,35,1,17,0
2712,25,2,4,4
2713,18,2,19,4
2714,25,1,7,7
2715,18,1,4,1
2716,50,2,4,4
2717,50,2,4,6
2718,25,1,4,1
2719,25,2,4,4
2720,25,1,12,8
2721,35,1,0,6
2722,45,1,14,4
2723,35,1,7,3
2724,25,2,9,5
2725,45,2,2,0
2726,35,1,7,4
2727,45,1,11,3
2728,25,1,11,7
2729,35,1,12,6
2730,50,1,7,0
2731,35,1,11,8
2732,35,1,7,4
2733,45,1,17,4
2734,45,1,17,3
2735,18,2,4,4
2736,25,1,7,6
2737,45,1,12,3
2738,25,1,3,4
2739,50,2,2,0
2740,35,2,7,7
2741,45,1,17,3
2742,25,1,14,3
2743,25,1,17,4
2744,25,1,14,3
2745,18,1,17,6
2746,35,2,1,8
2747,50,1,14,4
2748,18,2,4,9
2749,25,1,4,4
2750,25,1,12,7
2751,25,2,15,9
2752,25,2,16,5
2753,25,1,15,7
2754,50,2,20,8
2755,50,1,12,3
2756,35,1,7,6
2757,18,1,4,4
2758,25,1,2,0
2759,56,1,8,7
2760,25,1,7,5
2761,56,1,0,5
2762,35,1,6,4
2763,50,1,16,7
2764,18,2,4,1
2765,25,1,7,7
2766,50,1,7,8
2767,45,1,7,4
2768,25,1,0,0
2769,25,1,17,8
2770,25,1,7,9
2771,35,1,1,3
2772,18,1,1,5
2773,35,1,17,6
2774,35,1,2,3
2775,25,1,1,3
2776,18,2,4,7
2777,25,1,14,8
2778,18,1,4,3
2779,56,1,13,6
2780,35,1,7,5
2781,25,1,17,6
2782,35,1,4,5
2783,18,2,4,0
2784,45,1,17,3
2785,50,1,20,5
2786,56,1,13,8
2787,25,1,4,8
2788,25,1,4,5
2789,56,1,1,7
2790,18,1,4,7
2791,25,1,20,3
2792,56,1,7,5
2793,18,1,4,4
2794,35,1,7,6
2795,25,1,2,8
2796,50,1,13,0
2797,25,1,14,9
2798,25,2,7,3
2799,35,1,20,8
2800,18,1,0,3
2801,18,2,4,8
2802,25,2,3,3
2803,35,1,20,3
2804,25,1,7,4
2805,35,2,0,7
2806,56,1,19,9
2807,1,1,10,7
2808,35,2,11,5
2809,56,1,16,9
2810,25,1,7,8
2811,1,2,10,3
2812,25,1,19,3
2813,25,1,17,0
2814,25,1,20,0
2815,35,1,7,5
2816,35,1,17,3
2817,25,1,7,6
2818,35,1,12,8
2819,25,1,12,9
2820,45,1,14,0
2821,35,2,0,3
2822,18,1,20,0
2823,50,1,7,0
2824,25,1,4,1
2825,18,1,4,4
2826,25,2,20,7
2827,35,1,12,7
2828,25,1,17,3
2829,18,1,4,4
2830,45,1,20,6
2831,35,1,7,0
2832,25,1,0,3
2833,25,1,17,3
2834,25,1,15,9
2835,35,1,1,6
2836,35,1,20,6
2837,25,1,12,3
2838,18,1,0,7
2839,18,1,1,3
2840,25,1,17,0
2841,25,1,0,8
2842,50,1,12,9
2843,35,1,17,3
2844,25,2,4,0
2845,25,1,20,0
2846,25,1,4,6
2847,18,2,4,5
2848,18,1,4,4
2849,25,1,0,4
2850,45,1,11,8
2851,18,1,20,3
2852,25,2,7,6
2853,25,1,12,9
2854,1,1,1,3
2855,18,2,4,8
2856,25,1,4,3
2857,35,1,11,6
2858,25,1,0,9
2859,1,2,10,0
2860,18,1,1,3
2861,35,1,17,8
2862,25,1,15,3
2863,45,1,7,3
2864,25,2,2,5
2865,35,2,3,4
2866,25,2,6,0
2867,25,1,7,7
2868,45,1,17,5
2869,35,1,12,4
2870,50,1,17,4
2871,50,1,18,3
2872,25,2,14,6
2873,25,1,20,0
2874,18,2,4,3
2875,35,2,20,8
2876,25,1,2,7
2877,25,1,17,3
2878,35,1,1,7
2879,50,2,20,5
2880,18,1,4,8
2881,18,1,12,3
2882,25,2,12,3
2883,18,1,20,7
2884,18,1,20,5
2885,50,2,3,0
2886,18,2,1,5
2887,18,1,4,0
2888,25,1,3,6
2889,25,1,14,0
2890,35,1,3,9
2891,35,1,7,4
2892,18,2,4,3
2893,25,1,4,5
2894,25,1,1,0
2895,18,1,4,4
2896,25,1,11,3
2897,18,1,14,4
2898,25,1,5,3
2899,18,1,4,3
2900,35,1,14,8
2901,18,1,12,5
2902,25,1,17,3
2903,25,1,12,3
2904,25,1,16,5
2905,25,1,4,7
2906,35,1,17,8
2907,35,1,19,0
2908,35,2,5,7
2909,18,1,2,1
2910,25,1,7,7
2911,1,1,19,3
2912,25,2,4,3
2913,18,2,4,8
2914,35,2,20,3
2915,25,1,4,5
2916,25,1,7,4
2917,45,1,2,9
2918,25,1,0,3
2919,25,1,12,7
2920,18,1,17,4
2921,25,1,2,3
2922,50,1,1,3
2923,25,1,17,5
2924,35,1,12,3
2925,18,2,4,4
2926,25,2,4,7
2927,18,2,2,5
2928,25,1,12,6
2929,25,1,2,7
2930,18,1,2,5
2931,50,1,17,6
2932,18,1,4,9
2933,25,1,12,6
2934,35,1,11,5
2935,35,2,20,6
2936,25,1,0,5
2937,18,2,4,1
2938,18,2,4,5
2939,25,2,0,7
2940,25,2,15,3
2941,25,1,0,3
2942,35,1,12,4
2943,50,2,1,8
2944,35,1,12,8
2945,18,2,4,4
2946,35,2,17,5
2947,35,1,16,3
2948,25,2,0,5
2949,18,1,14,9
2950,25,1,17,4
2951,18,1,0,8
2952,35,2,14,5
2953,25,1,4,7
2954,25,1,20,5
2955,18,1,2,4
2956,35,1,14,3
2957,25,1,12,0
2958,18,1,4,3
2959,25,1,7,4
2960,35,1,17,4
2961,18,1,4,4
2962,50,1,17,0
2963,35,1,3,4
2964,18,2,4,7
2965,25,1,17,1
2966,35,2,4,9
2967,25,2,4,3
2968,25,1,0,3
2969,18,2,0,8
2970,25,1,7,3
2971,18,1,4,4
2972,25,1,4,0
2973,25,1,4,5
2974,18,2,4,7
2975,18,1,4,5
2976,35,1,11,3
2977,18,1,20,6
2978,18,2,4,1
2979,35,1,20,8
2980,35,1,2,4
2981,45,1,7,0
2982,45,1,6,7
2983,25,1,4,9
2984,18,1,4,5
2985,25,1,4,0
2986,18,1,4,5
2987,25,1,4,5
2988,18,1,4,0
2989,18,2,6,3
2990,35,1,12,0
2991,35,1,12,0
2992,50,1,1,0
2993,18,1,4,9
2994,18,1,19,8
2995,35,1,5,8
2996,25,1,15,8
2997,18,1,0,9
2998,35,2,16,5
2999,25,2,1,4
3000,25,1,7,3
3001,25,1,4,0
3002,18,1,4,5
3003,45,1,11,9
3004,18,1,15,7
3005,18,2,4,3
3006,25,1,17,8
3007,18,1,4,3
3008,35,1,0,0
3009,18,1,4,1
3010,35,2,3,4
3011,25,1,12,3
3012,25,1,1,3
3013,25,1,12,4
3014,45,1,17,4
3015,35,1,7,4
3016,56,1,6,4
3017,18,1,12,7
3018,35,2,9,8
3019,35,1,0,5
3020,50,1,12,0
3021,35,2,7,7
3022,45,2,15,6
3023,25,1,17,9
3024,25,2,7,1
3025,35,1,17,4
3026,35,2,0,7
3027,18,2,4,7
3028,18,1,4,4
3029,1,1,10,3
3030,18,1,4,1
3031,35,1,1,0
3032,18,1,4,8
3033,25,1,0,3
3034,18,1,4,6
3035,18,2,1,0
3036,25,2,7,5
3037,56,1,13,6
3038,25,2,2,0
3039,35,2,2,5
3040,50,2,3,5
3041,25,1,8,6
3042,25,1,4,3
3043,56,1,1,3
3044,18,1,2,6
3045,35,1,16,0
3046,45,1,1,9
3047,1,1,4,3
3048,25,2,4,7
3049,18,1,2,6
3050,50,2,0,0
3051,35,1,12,8
3052,18,1,17,5
3053,35,1,12,4
3054,25,2,3,6
3055,18,1,4,5
3056,25,2,3,4
3057,25,1,18,6
3058,25,2,12,0
3059,18,1,12,8
3060,35,1,0,9
3061,35,2,1,0
3062,45,1,2,3
3063,18,1,4,4
3064,18,1,4,6
3065,35,1,17,3
3066,18,2,4,8
3067,18,1,4,0
3068,25,2,0,3
3069,35,2,9,3
3070,18,1,4,9
3071,18,2,4,4
3072,25,1,1,9
3073,50,1,1,5
3074,25,1,0,4
3075,25,1,0,3
3076,25,2,11,3
3077,35,1,17,4
3078,18,1,4,9
3079,35,2,1,9
3080,25,2,1,7
3081,25,1,20,8
3082,25,1,7,4
3083,35,2,6,3
3084,50,2,0,6
3085,25,1,16,0
3086,25,1,4,4
3087,18,1,12,3
3088,1,2,1,5
3089,25,2,4,5
3090,45,1,16,3
3091,25,1,2,6
3092,25,2,0,5
3093,35,1,15,3
3094,45,2,20,5
3095,35,1,0,9
3096,25,2,3,3
3097,45,2,3,5
3098,25,2,5,4
3099,25,1,4,7
3100,25,1,17,6
3101,25,2,6,9
3102,18,1,15,9
3103,25,1,12,3
3104,25,1,20,9
3105,18,1,17,3
3106,35,1,12,4
3107,25,1,0,5
3108,25,1,17,4
3109,50,1,6,7
3110,25,2,11,5
3111,25,1,0,7
3112,18,1,4,4
3113,18,1,12,5
3114,25,1,10,5
3115,18,1,5,5
3116,35,1,17,3
3117,25,1,12,3
3118,35,1,0,3
3119,25,1,0,9
3120,45,1,1,9
3121,18,1,4,4
3122,25,1,2,3
3123,25,2,7,6
3124,25,1,2,2
3125,25,1,12,6
3126,25,1,7,9
3127,25,1,2,3
3128,25,2,0,0
3129,18,1,2,4
3130,25,1,7,4
3131,25,1,7,3
3132,25,2,2,8
3133,35,1,7,5
3134,18,1,4,7
3135,18,1,4,3
3136,25,1,15,5
3137,25,2,4,3
3138,25,1,11,3
3139,35,1,17,3
3140,56,1,13,3
3141,25,2,4,0
3142,25,1,14,4
3143,25,1,20,3
3144,50,2,16,9
3145,25,2,7,5
3146,18,1,4,7
3147,25,1,0,9
3148,25,1,14,8
3149,18,1,20,8
3150,18,1,4,6
3151,25,2,3,7
3152,25,2,0,7
3153,18,1,4,2
3154,25,2,4,6
3155,25,2,4,9
3156,25,1,7,9
3157,35,1,7,7
3158,25,1,12,9
3159,25,1,15,5
3160,25,2,15,5
3161,25,1,17,9
3162,25,1,7,5
3163,25,1,1,9
3164,18,1,15,7
3165,18,1,12,5
3166,35,1,7,6
3167,18,1,4,6
3168,25,1,2,7
3169,35,2,5,9
3170,50,1,0,8
3171,25,1,0,9
3172,50,2,3,2
3173,18,1,12,9
3174,25,1,12,8
3175,18,2,14,4
3176,35,1,16,9
3177,25,1,17,3
3178,25,2,6,4
3179,35,2,5,3
3180,18,2,20,0
3181,25,1,14,3
3182,25,1,12,4
3183,25,1,12,5
3184,50,1,7,7
3185,25,2,18,7
3186,18,1,7,5
3187,50,1,1,7
3188,35,1,12,4
3189,56,1,13,3
3190,25,1,16,3
3191,1,1,17,6
3192,25,1,12,9
3193,18,1,4,9
3194,25,1,0,8
3195,25,1,15,7
3196,18,1,4,3
3197,18,2,4,5
3198,18,2,14,8
3199,25,1,12,5
3200,18,1,0,4
3201,25,2,1,8
3202,45,1,7,7
3203,18,2,4,7
3204,35,1,0,9
3205,45,1,16,0
3206,35,2,16,4
3207,18,1,20,2
3208,35,1,7,5
3209,25,1,14,3
3210,25,1,0,3
3211,45,2,0,5
3212,50,1,16,7
3213,25,2,17,1
3214,25,2,1,3
3215,56,2,7,4
3216,50,2,13,9
3217,35,1,1,5
3218,35,2,0,8
3219,56,1,6,8
3220,18,2,4,4
3221,35,1,7,9
3222,25,1,0,3
3223,35,1,7,3
3224,25,1,20,3
3225,25,2,14,5
3226,18,1,0,9
3227,35,1,4,5
3228,25,2,14,7
3229,25,1,14,4
3230,56,2,1,8
3231,35,1,16,8
3232,25,1,7,3
3233,35,1,12,3
3234,50,1,2,8
3235,1,2,0,1
3236,18,1,4,2
3237,18,1,15,2
3238,35,1,7,5
3239,35,1,7,0
3240,25,2,12,4
3241,18,1,4,7
3242,50,2,0,9
3243,50,1,13,3
3244,25,1,12,4
3245,18,2,4,0
3246,18,1,2,9
3247,35,2,1,4
3248,35,1,15,3
3249,25,2,7,5
3250,25,2,4,1
3251,25,1,4,3
3252,35,1,17,3
3253,50,1,0,0
3254,35,2,4,5
3255,35,2,6,6
3256,25,2,15,0
3257,25,1,15,0
3258,25,1,14,8
3259,45,1,6,4
3260,18,2,4,4
3261,25,1,4,3
3262,45,1,20,3
3263,25,1,14,7
3264,50,1,11,4
3265,25,2,1,4
3266,25,1,15,5
3267,25,2,4,5
3268,25,1,4,5
3269,25,1,12,9
3270,18,2,20,3
3271,18,1,11,7
3272,35,2,0,9
3273,35,1,0,8
3274,35,1,7,1
3275,25,1,20,1
3276,35,1,7,3
3277,25,1,20,0
3278,25,1,17,5
3279,35,1,7,1
3280,45,1,15,3
3281,25,1,7,3
3282,25,1,17,5
3283,45,1,3,3
3284,35,1,16,6
3285,25,1,6,3
3286,25,1,4,3
3287,35,2,7,7
3288,56,1,13,6
3289,25,1,14,3
3290,45,1,6,3
3291,25,1,14,3
3292,25,2,7,3
3293,50,2,6,5
3294,45,1,14,3
3295,18,1,4,5
3296,18,1,18,6
3297,18,1,14,4
3298,18,1,4,5
3299,1,1,10,1
3300,25,2,4,5
3301,35,1,5,7
3302,25,2,2,4
3303,25,1,17,6
3304,56,1,17,9
3305,45,2,5,3
3306,56,1,20,5
3307,45,1,14,0
3308,50,1,6,0
3309,18,2,20,9
3310,25,1,17,9
3311,45,1,14,4
3312,25,1,4,9
3313,18,2,4,5
3314,35,1,20,5
3315,25,1,7,4
3316,25,1,12,0
3317,1,1,19,3
3318,25,1,4,5
3319,56,1,13,8
3320,56,2,13,0
3321,25,1,1,4
3322,35,1,1,8
3323,18,2,4,3
3324,35,1,14,5
3325,35,1,17,0
3326,35,2,14,3
3327,45,1,7,2
3328,18,1,12,7
3329,56,1,19,4
3330,50,1,18,5
3331,35,2,1,6
3332,25,2,7,8
3333,25,1,7,8
3334,18,1,16,4
3335,35,1,0,3
3336,25,1,0,6
3337,35,1,17,8
3338,25,1,4,6
3339,45,1,16,4
3340,25,1,17,3
3341,45,1,16,3
3342,25,1,20,5
3343,25,2,5,3
3344,18,2,4,6
3345,35,1,0,9
3346,25,1,7,5
3347,35,1,7,3
3348,35,2,7,3
3349,45,1,16,6
3350,18,2,4,5
3351,18,2,0,4
3352,18,2,5,7
3353,35,1,0,3
3354,35,1,17,0
3355,25,1,7,3
3356,25,1,1,9
3357,35,1,7,7
3358,25,1,18,8
3359,25,2,1,3
3360,25,1,20,5
3361,25,2,0,4
3362,25,1,4,8
3363,25,2,0,5
3364,35,2,9,5
3365,56,1,13,5
3366,50,1,17,9
3367,35,1,14,4
3368,50,1,16,9
3369,25,1,14,5
3370,45,1,18,9
3371,18,1,4,6
3372,25,1,2,5
3373,56,1,13,3
3374,18,1,16,9
3375,35,1,5,4
3376,25,1,4,0
3377,35,1,16,4
3378,25,1,17,9
3379,18,1,4,9
3380,35,1,1,3
3381,50,1,0,8
3382,25,1,0,7
3383,1,2,10,7
3384,56,1,16,7
3385,35,1,7,7
3386,25,2,9,3
3387,18,1,4,3
3388,18,1,1,3
3389,25,2,1,8
3390,18,1,0,3
3391,45,2,20,7
3392,18,1,4,8
3393,50,1,6,3
3394,35,1,12,3
3395,35,1,7,5
3396,25,1,7,4
3397,25,1,12,6
3398,25,1,5,5
3399,18,1,20,3
3400,25,1,4,8
3401,25,1,14,3
3402,35,1,7,9
3403,35,1,20,6
3404,35,1,5,7
3405,25,1,8,0
3406,35,1,14,7
3407,25,2,7,3
3408,45,2,5,5
3409,25,1,17,4
3410,25,1,4,4
3411,35,1,1,9
3412,18,1,4,9
3413,25,1,18,5
3414,25,2,17,3
3415,25,1,17,3
3416,35,1,7,7
3417,25,1,12,3
3418,18,2,2,1
3419,18,2,3,4
3420,45,1,1,8
3421,25,2,7,4
3422,45,1,7,4
3423,25,1,5,9
3424,25,1,7,4
3425,25,1,6,7
3426,18,1,20,3
3427,25,1,20,3
3428,25,1,14,3
3429,45,1,1,8
3430,25,2,7,9
3431,45,2,1,9
3432,45,2,6,9
3433,25,1,12,5
3434,18,1,12,9
3435,18,1,4,7
3436,45,1,1,3
3437,35,1,0,9
3438,25,2,0,0
3439,25,2,0,3
3440,18,1,17,9
3441,56,1,17,7
3442,25,2,14,8
3443,18,1,12,8
3444,35,2,17,6
3445,50,1,14,3
3446,35,2,20,9
3447,25,1,7,3
3448,25,1,12,3
3449,18,2,3,2
3450,25,1,14,3
3451,25,1,5,5
3452,25,2,11,3
3453,25,1,14,3
3454,35,1,7,3
3455,18,1,0,3
3456,25,2,0,3
3457,25,1,17,7
3458,25,1,20,8
3459,45,1,0,0
3460,18,1,4,3
3461,1,1,4,0
3462,35,1,0,3
3463,25,2,4,5
3464,25,1,15,8
3465,25,2,14,3
3466,25,1,14,3
3467,25,1,14,3
3468,25,1,14,9
3469,25,1,20,8
3470,45,1,17,8
3471,35,1,17,7
3472,18,1,4,9
3473,25,1,6,3
3474,35,2,16,7
3475,35,1,11,5
3476,25,1,14,0
3477,50,1,0,4
3478,50,2,1,9
3479,25,1,7,9
3480,18,1,4,7
3481,25,1,0,1
3482,18,1,4,6
3483,50,1,17,9
3484,45,2,7,6
3485,18,1,4,8
3486,25,1,0,0
3487,18,2,0,3
3488,18,1,4,9
3489,45,1,17,9
3490,18,1,4,6
3491,25,1,0,7
3492,25,1,16,8
3493,35,1,7,6
3494,25,1,17,7
3495,25,1,1,7
3496,18,1,4,9
3497,35,1,5,9
3498,35,2,2,5
3499,25,1,17,5
3500,25,1,3,9
3501,35,1,7,0
3502,35,2,7,3
3503,18,2,7,9
3504,18,1,4,5
3505,18,1,7,9
3506,25,2,15,0
3507,18,1,12,3
3508,25,1,0,9
3509,18,1,4,3
3510,18,1,4,4
3511,18,2,4,6
3512,50,1,0,7
3513,18,1,17,4
3514,25,1,16,8
3515,18,1,12,5
3516,35,1,3,0
3517,18,1,4,5
3518,18,1,12,7
3519,18,2,7,7
3520,25,2,14,9
3521,25,1,0,5
3522,25,1,0,7
3523,18,1,0,9
3524,35,1,7,1
3525,25,2,0,3
3526,18,2,4,3
3527,35,1,2,9
3528,25,1,0,2
3529,35,1,5,5
3530,45,2,1,8
3531,25,1,0,3
3532,25,2,11,3
3533,35,2,14,6
3534,25,1,2,8
3535,35,1,17,3
3536,45,1,18,3
3537,18,1,4,8
3538,1,1,10,4
3539,35,1,0,5
3540,25,2,4,6
3541,18,1,17,4
3542,25,1,3,0
3543,25,1,15,1
3544,25,1,17,4
3545,25,2,4,8
3546,35,1,12,3
3547,25,1,20,5
3548,35,1,16,9
3549,45,1,7,1
3550,35,2,7,6
3551,25,1,5,7
3552,56,2,0,9
3553,35,2,2,0
3554,35,1,16,5
3555,25,1,15,8
3556,56,1,7,5
3557,25,1,17,3
3558,18,1,5,3
3559,18,1,17,8
3560,18,1,4,7
3561,25,2,6,9
3562,35,1,14,8
3563,25,2,6,9
3564,25,1,2,9
3565,25,1,11,8
3566,25,1,18,1
3567,45,1,0,3
3568,25,1,14,4
3569,25,1,0,7
3570,18,2,2,3
3571,35,1,12,2
3572,18,1,4,8
3573,35,1,11,5
3574,1,1,10,0
3575,35,2,6,0
3576,25,1,18,6
3577,50,1,7,7
3578,56,2,0,4
3579,50,1,3,6
3580,18,1,0,9
3581,18,2,3,5
3582,18,1,1,1
3583,35,2,0,3
3584,25,2,9,0
3585,18,1,0,8
3586,35,1,20,5
3587,35,1,20,8
3588,35,1,3,4
3589,25,1,2,0
3590,45,2,0,4
3591,18,2,15,8
3592,35,1,6,4
3593,56,2,2,3
3594,25,2,9,8
3595,1,1,0,0
3596,25,1,0,8
3597,35,2,4,0
3598,25,1,17,5
3599,56,1,1,1
3600,25,1,16,5
3601,35,1,20,8
3602,35,2,3,5
3603,25,1,12,0
3604,35,2,7,9
3605,1,2,10,4
3606,18,1,12,3
3607,25,2,15,0
3608,35,1,17,4
3609,35,2,9,9
3610,25,2,17,3
3611,18,1,6,8
3612,25,1,2,2
3613,25,1,14,3
3614,25,1,0,6
3615,25,1,0,5
3616,25,1,17,2
3617,45,1,0,1
3618,35,1,7,8
3619,56,1,17,5
3620,50,1,16,7
3621,25,1,7,3
3622,18,1,4,5
3623,18,1,1,4
3624,35,1,11,7
3625,25,1,12,3
3626,18,1,10,4
3627,25,1,17,9
3628,35,2,1,6
3629,25,1,7,7
3630,50,2,7,3
3631,18,1,4,3
3632,18,1,4,4
3633,50,1,11,1
3634,35,1,18,2
3635,50,1,1,3
3636,50,1,1,5
3637,25,1,0,1
3638,25,1,6,3
3639,25,1,2,4
3640,18,1,4,8
3641,35,1,7,3
3642,25,1,0,4
3643,25,2,7,2
3644,25,1,17,4
3645,25,2,11,4
3646,35,1,17,0
3647,35,1,20,5
3648,25,1,7,9
3649,18,1,4,9
3650,25,2,0,0
3651,25,1,0,4
3652,25,1,14,5
3653,25,1,12,4
3654,18,1,15,5
3655,25,1,17,8
3656,25,2,7,3
3657,45,2,5,0
3658,18,1,17,9
3659,25,2,7,3
3660,18,1,4,3
3661,35,1,7,0
3662,35,1,12,7
3663,35,1,16,0
3664,35,2,9,7
3665,35,2,1,3
3666,25,1,0,7
3667,45,1,0,3
3668,1,2,10,6
3669,45,2,7,3
3670,25,1,14,7
3671,45,1,14,4
3672,25,1,4,4
3673,35,1,5,8
3674,25,1,2,3
3675,25,1,20,5
3676,35,1,7,8
3677,35,2,12,7
3678,25,2,12,5
3679,25,1,0,8
3680,25,1,4,6
3681,25,2,1,6
3682,25,1,7,9
3683,50,2,1,9
3684,25,1,2,4
3685,25,1,17,8
3686,25,1,5,8
3687,25,1,7,5
3688,50,2,1,5
3689,18,1,6,3
3690,25,1,0,7
3691,18,1,0,8
3692,25,1,7,9
3693,35,1,17,7
3694,25,1,15,3
3695,25,1,12,3
3696,25,1,2,5
3697,35,1,7,8
3698,25,1,15,0
3699,25,1,7,9
3700,56,2,3,3
3701,25,1,14,3
3702,35,1,1,0
3703,35,1,15,8
3704,18,1,12,7
3705,35,2,0,5
3706,45,1,7,4
3707,25,1,12,8
3708,18,2,0,8
3709,56,1,7,3
3710,25,1,12,3
3711,1,1,10,8
3712,35,1,0,8
3713,25,1,17,6
3714,25,2,7,3
3715,25,1,17,7
3716,18,1,5,6
3717,18,1,12,9
3718,35,1,17,0
3719,50,1,17,9
3720,25,1,1,4
3721,45,1,7,3
3722,25,1,15,9
3723,25,1,18,7
3724,25,1,14,0
3725,35,1,6,6
3726,18,1,4,3
3727,25,1,17,5
3728,35,1,7,8
3729,18,1,4,3
3730,18,1,4,6
3731,25,1,1,3
3732,25,1,17,9
3733,25,1,17,5
3734,18,1,4,5
3735,18,1,4,9
3736,25,1,0,6
3737,35,1,1,3
3738,25,1,14,5
3739,45,1,7,8
3740,56,1,11,7
3741,18,1,5,3
3742,25,1,0,3
3743,25,1,0,4
3744,35,2,7,3
3745,25,1,0,9
3746,25,2,9,3
3747,25,1,5,8
3748,45,1,13,6
3749,18,1,4,8
3750,25,2,0,7
3751,18,2,4,8
3752,35,2,12,5
3753,18,2,1,0
3754,25,1,7,5
3755,56,1,7,6
3756,50,2,14,3
3757,18,1,12,7
3758,25,1,7,8
3759,35,2,5,5
3760,35,1,6,8
3761,50,1,0,0
3762,25,1,17,4
3763,50,1,6,5
3764,25,1,2,7
3765,25,1,1,5
3766,50,2,3,8
3767,18,2,1,6
3768,25,1,0,6
3769,25,1,4,8
3770,25,1,15,5
3771,35,2,3,4
3772,25,1,1,9
3773,35,1,17,3
3774,35,1,6,7
3775,25,1,0,3
3776,35,1,12,7
3777,25,2,4,5
3778,18,1,4,3
3779,25,1,0,6
3780,45,2,2,3
3781,1,1,0,5
3782,56,2,11,3
3783,25,2,0,5
3784,25,1,7,3
3785,25,2,1,3
3786,25,2,20,9
3787,25,2,0,3
3788,25,2,0,6
3789,18,2,0,0
3790,25,2,0,6
3791,25,2,17,8
3792,50,1,18,3
3793,25,1,6,7
3794,18,1,4,2
3795,18,2,4,2
3796,18,2,4,8
3797,45,1,14,5
3798,25,1,7,6
3799,25,1,7,2
3800,18,1,0,3
3801,18,1,1,6
3802,18,1,12,9
3803,18,1,0,8
3804,35,2,9,0
3805,25,1,6,4
3806,35,2,1,3
3807,18,1,4,9
3808,35,2,19,7
3809,25,1,7,9
3810,35,1,6,3
3811,50,1,7,5
3812,25,1,15,4
3813,35,1,17,6
3814,35,1,7,3
3815,25,1,15,3
3816,25,1,17,8
3817,25,2,3,4
3818,35,1,3,0
3819,45,1,17,9
3820,25,1,12,9
3821,25,1,17,2
3822,25,1,20,3
3823,45,1,20,5
3824,56,1,7,0
3825,25,1,17,9
3826,18,1,1,7
3827,25,1,1,2
3828,50,1,2,9
3829,25,1,20,3
3830,25,2,1,9
3831,18,1,4,3
3832,18,2,6,3
3833,25,2,7,8
3834,25,1,1,9
3835,18,1,2,0
3836,25,1,7,6
3837,50,2,8,3
3838,25,1,17,4
3839,25,2,14,4
3840,50,1,14,5
3841,25,2,0,7
3842,45,1,18,5
3843,35,2,16,5
3844,1,2,10,0
3845,18,1,4,4
3846,25,1,12,0
3847,35,1,0,9
3848,25,1,7,8
3849,25,1,15,5
3850,35,1,0,3
3851,18,1,3,5
3852,25,1,12,9
3853,50,1,16,4
3854,25,1,14,8
3855,25,1,14,3
3856,25,1,17,7
3857,35,2,20,4
3858,18,1,14,4
3859,45,2,9,6
3860,25,1,0,5
3861,45,1,17,6
3862,18,1,4,3
3863,25,1,17,4
3864,25,1,0,1
3865,50,1,20,7
3866,1,2,10,3
3867,45,1,14,7
3868,35,1,3,7
3869,18,1,12,4
3870,18,1,17,4
3871,25,1,17,0
3872,18,1,4,7
3873,25,1,1,9
3874,45,2,2,7
3875,25,1,7,8
3876,25,1,0,4
3877,25,1,0,3
3878,45,1,1,6
3879,35,1,16,8
3880,25,1,3,3
3881,25,1,7,9
3882,18,1,2,9
3883,56,1,14,6
3884,50,1,16,7
3885,18,1,4,4
3886,25,1,12,6
3887,35,1,7,5
3888,18,1,4,4
3889,45,1,17,0
3890,45,1,6,3
3891,18,1,4,7
3892,56,2,16,5
3893,25,1,20,3
3894,25,1,6,9
3895,35,1,16,4
3896,35,2,0,4
3897,35,1,0,6
3898,56,1,17,2
3899,45,1,11,6
3900,25,1,17,7
3901,25,2,14,8
3902,18,1,14,3
3903,25,1,5,4
3904,25,1,0,5
3905,1,1,10,3
3906,25,1,17,2
3907,50,1,17,3
3908,18,2,14,3
3909,25,1,0,4
3910,18,1,17,9
3911,25,1,20,4
3912,18,1,0,2
3913,25,1,4,3
3914,18,1,17,8
3915,35,1,4,5
3916,35,2,3,3
3917,25,1,4,9
3918,35,2,9,0
3919,25,1,18,9
3920,45,1,0,3
3921,35,1,17,3
3922,25,1,14,3
3923,18,1,4,4
3924,35,1,2,8
3925,50,1,12,4
3926,25,1,12,9
3927,25,1,2,9
3928,25,2,16,5
3929,25,1,0,0
3930,25,1,5,3
3931,56,1,3,8
3932,25,1,5,6
3933,25,1,7,9
3934,35,2,6,0
3935,25,1,0,7
3936,35,1,18,3
3937,35,2,12,4
3938,56,1,2,3
3939,25,1,2,4
3940,45,1,7,3
3941,35,1,20,5
3942,45,1,17,4
3943,18,1,4,4
3944,35,2,7,4
3945,35,2,16,9
3946,45,2,1,7
3947,25,2,12,7
3948,25,1,0,4
3949,45,2,12,4
3950,45,1,0,6
3951,25,1,4,9
3952,18,2,4,3
3953,45,2,1,7
3954,25,1,12,7
3955,18,1,4,4
3956,35,1,0,0
3957,25,1,0,6
3958,35,1,11,5
3959,45,1,7,4
3960,45,2,1,9
3961,35,2,14,4
3962,25,1,1,5
3963,56,2,0,5
3964,50,1,20,5
3965,56,1,16,0
3966,18,1,11,3
3967,25,1,0,9
3968,18,2,2,8
3969,25,1,2,9
3970,56,1,7,1
3971,25,2,2,9
3972,18,2,4,8
3973,25,2,6,6
3974,25,1,7,0
3975,35,1,0,3
3976,25,2,5,3
3977,25,2,0,9
3978,35,1,14,8
3979,35,1,13,8
3980,50,2,9,4
3981,25,1,4,3
3982,45,2,0,3
3983,56,1,13,5
3984,25,1,0,5
3985,25,1,7,8
3986,45,1,16,0
3987,25,1,7,0
3988,18,2,4,6
3989,25,2,14,4
3990,50,1,12,8
3991,25,1,16,3
3992,25,1,7,6
3993,25,1,4,4
3994,25,1,0,2
3995,50,1,7,0
3996,35,1,17,5
3997,18,1,14,0
3998,35,1,17,4
3999,45,1,0,4
4000,35,1,17,1
4001,35,1,7,7
4002,25,2,1,4
4003,45,1,16,5
4004,56,1,13,3
4005,50,1,0,5
4006,35,1,7,8
4007,1,1,7,4
4008,35,1,12,8
4009,18,1,1,6
4010,18,1,7,9
4011,25,1,14,8
4012,25,1,17,3
4013,18,1,4,3
4014,25,1,1,8
4015,25,1,0,0
4016,45,2,3,3
4017,50,1,0,3
4018,25,1,14,7
4019,45,2,20,9
4020,35,1,17,8
4021,25,1,6,3
4022,50,1,20,8
4023,35,1,14,8
4024,35,2,9,0
4025,25,1,5,5
4026,56,2,6,7
4027,25,1,7,3
4028,25,2,7,5
4029,25,1,4,4
4030,56,2,3,8
4031,35,1,7,4
4032,25,1,0,3
4033,25,1,12,3
4034,25,1,6,3
4035,25,1,0,8
4036,18,1,4,8
4037,25,1,1,9
4038,50,1,16,8
4039,50,1,6,2
4040,25,1,16,3
4041,25,1,20,3
4042,18,1,3,3
4043,35,1,15,6
4044,25,2,15,3
4045,35,2,3,8
4046,56,1,13,3
4047,45,1,17,9
4048,18,1,4,0
4049,35,2,1,4
4050,45,1,11,4
4051,35,1,6,4
4052,18,1,14,4
4053,25,1,2,0
4054,25,1,18,3
4055,35,1,3,5
4056,50,1,0,3
4057,1,1,10,3
4058,35,1,6,3
4059,25,1,6,4
4060,25,1,14,8
4061,25,1,18,8
4062,50,1,6,0
4063,25,1,7,3
4064,35,2,1,3
4065,45,1,0,8
4066,45,2,5,7
4067,25,1,0,8
4068,45,1,20,4
4069,56,1,3,0
4070,35,1,15,7
4071,25,1,15,6
4072,25,1,17,6
4073,50,1,6,8
4074,25,1,6,0
4075,35,1,6,3
4076,25,1,16,3
4077,25,1,17,4
4078,35,2,2,5
4079,25,1,15,5
4080,35,1,17,8
4081,35,1,1,3
4082,18,1,12,8
4083,25,1,20,4
4084,56,1,14,4
4085,56,1,13,3
4086,25,2,6,4
4087,1,2,10,4
4088,1,1,4,4
4089,25,1,3,3
4090,25,1,7,6
4091,56,1,6,5
4092,25,1,17,8
4093,25,2,0,3
4094,25,1,4,8
4095,25,1,17,4
4096,25,1,0,6
4097,25,1,15,3
4098,25,1,7,8
4099,35,1,7,4
4100,35,1,17,4
4101,56,1,6,4
4102,18,1,4,7
4103,1,1,10,3
4104,18,1,16,7
4105,18,1,16,5
4106,50,1,7,9
4107,25,1,16,3
4108,25,2,0,9
4109,35,1,17,3
4110,35,1,3,7
4111,45,2,7,0
4112,25,1,15,0
4113,45,1,18,4
4114,35,1,17,6
4115,35,1,14,3
4116,25,1,15,0
4117,35,1,7,8
4118,18,1,4,8
4119,25,1,3,8
4120,50,1,1,5
4121,25,1,16,8
4122,45,1,7,5
4123,18,1,19,8
4124,25,2,4,8
4125,25,1,18,9
4126,35,1,2,4
4127,25,1,17,4
4128,50,1,17,5
4129,35,1,6,9
4130,56,1,11,3
4131,35,1,6,8
4132,45,1,7,4
4133,25,1,17,6
4134,45,1,4,4
4135,45,2,12,7
4136,1,1,10,3
4137,50,1,16,7
4138,25,1,7,3
4139,25,1,7,0
4140,56,1,14,4
4141,25,1,0,7
4142,35,1,17,5
4143,56,1,7,0
4144,25,2,5,0
4145,18,1,4,6
4146,50,2,1,3
4147,35,1,17,3
4148,50,2,7,2
4149,35,2,7,7
4150,35,1,1,0
4151,25,1,0,9
4152,45,1,20,7
4153,25,1,14,8
4154,50,1,17,4
4155,25,1,1,3
4156,50,1,17,4
4157,56,1,20,5
4158,50,1,18,4
4159,1,2,10,9
4160,50,2,9,9
4161,35,1,20,7
4162,45,1,0,3
4163,25,2,14,9
4164,56,1,7,0
4165,35,1,1,9
4166,25,2,14,3
4167,25,2,7,3
4168,25,1,20,9
4169,45,2,6,9
4170,50,1,0,5
4171,45,1,7,7
4172,56,1,16,3
4173,35,1,7,5
4174,18,2,11,3
4175,35,2,3,9
4176,35,1,0,7
4177,45,1,7,3
4178,35,1,17,8
4179,50,2,16,7
4180,35,2,20,5
4181,56,1,13,3
4182,25,2,7,4
4183,25,1,18,6
4184,25,1,1,3
4185,50,1,7,1
4186,25,1,14,0
4187,25,1,7,9
4188,56,2,20,9
4189,50,1,7,9
4190,35,1,14,0
4191,45,1,17,5
4192,45,2,15,8
4193,35,1,17,1
4194,56,1,13,9
4195,18,1,4,5
4196,56,2,13,4
4197,35,1,14,1
4198,45,2,1,3
4199,18,1,4,6
4200,25,2,9,7
4201,45,1,7,8
4202,25,2,0,2
4203,25,1,7,4
4204,25,1,18,5
4205,35,1,7,7
4206,25,2,15,4
4207,35,2,1,0
4208,35,1,1,7
4209,35,2,0,0
4210,56,1,0,3
4211,25,1,17,8
4212,45,1,5,2
4213,56,1,18,5
4214,35,1,7,0
4215,25,2,0,0
4216,25,1,7,5
4217,25,1,17,6
4218,18,1,4,4
4219,50,1,17,5
4220,35,1,17,3
4221,35,1,0,8
4222,35,1,4,0
4223,45,2,17,0
4224,35,2,17,5
4225,45,2,1,4
4226,25,2,3,0
4227,35,2,6,4
4228,25,1,19,4
4229,50,1,18,6
4230,35,1,17,0
4231,56,1,13,6
4232,50,2,18,4
4233,35,2,20,4
4234,35,1,4,8
4235,45,2,3,4
4236,50,1,2,3
4237,25,2,3,9
4238,25,1,14,3
4239,35,1,16,7
4240,50,1,7,5
4241,35,1,17,2
4242,35,1,7,9
4243,50,1,7,4
4244,56,1,7,1
4245,35,1,17,2
4246,50,1,12,8
4247,35,2,7,6
4248,25,1,4,9
4249,25,1,4,5
4250,18,2,17,3
4251,50,2,0,8
4252,45,1,7,3
4253,35,2,3,5
4254,45,1,11,9
4255,25,1,17,6
4256,50,1,12,7
4257,1,2,2,4
4258,50,1,16,5
4259,25,1,17,6
4260,35,1,17,0
4261,25,1,16,9
4262,35,2,6,8
4263,35,2,6,6
4264,25,1,7,4
4265,45,1,1,1
4266,25,1,12,0
4267,56,1,13,3
4268,35,1,7,2
4269,45,2,20,0
4270,35,1,18,5
4271,45,1,7,2
4272,35,1,7,3
4273,45,1,17,4
4274,45,1,13,0
4275,45,2,1,3
4276,45,2,16,9
4277,45,2,0,6
4278,35,1,16,3
4279,45,2,7,6
4280,25,1,16,4
4281,35,1,17,3
4282,56,1,13,8
4283,35,1,0,4
4284,25,2,9,3
4285,50,1,7,6
4286,35,1,0,4
4287,35,1,17,3
4288,25,1,7,8
4289,25,2,9,2
4290,35,1,14,4
4291,25,1,17,3
4292,35,1,14,8
4293,25,1,0,4
4294,45,2,9,4
4295,1,1,10,8
4296,18,1,18,3
4297,56,1,6,8
4298,45,1,15,7
4299,18,2,14,1
4300,25,2,2,5
4301,18,2,4,9
4302,35,1,11,7
4303,50,1,1,7
4304,25,1,2,3
4305,18,1,0,3
4306,45,2,17,7
4307,45,1,7,3
4308,25,1,0,1
4309,25,1,0,3
4310,25,1,0,8
4311,25,1,4,3
4312,50,1,13,6
4313,25,1,18,3
4314,25,2,7,8
4315,25,1,17,1
4316,18,1,4,5
4317,25,1,6,0
4318,35,2,14,6
4319,25,1,5,4
4320,35,1,7,8
4321,25,1,5,5
4322,45,1,7,7
4323,50,2,6,9
4324,18,1,4,7
4325,25,1,5,4
4326,25,1,0,3
4327,45,2,13,5
4328,35,1,17,6
4329,50,1,3,4
4330,25,2,14,7
4331,45,2,6,0
4332,35,1,6,0
4333,25,2,3,4
4334,50,1,2,1
4335,25,1,1,9
4336,35,1,0,6
4337,25,2,0,7
4338,18,1,20,9
4339,18,2,5,7
4340,25,1,2,3
4341,25,2,17,2
4342,35,1,17,4
4343,25,1,0,9
4344,25,1,12,4
4345,25,1,1,9
4346,25,2,14,7
4347,18,1,17,6
4348,18,2,20,9
4349,45,1,0,3
4350,18,1,2,0
4351,18,1,2,9
4352,25,1,12,8
4353,18,1,4,9
4354,25,1,7,5
4355,35,1,14,6
4356,50,1,14,3
4357,35,1,16,8
4358,35,2,9,4
4359,35,1,17,3
4360,18,1,4,3
4361,25,2,9,7
4362,35,1,15,3
4363,25,1,17,6
4364,35,1,14,8
4365,25,1,18,9
4366,50,2,16,4
4367,18,1,15,7
4368,35,1,0,9
4369,18,1,17,8
4370,50,1,7,6
4371,25,1,16,3
4372,18,2,4,3
4373,35,1,17,3
4374,50,1,12,4
4375,18,1,4,3
4376,25,2,5,1
4377,25,2,5,3
4378,25,1,0,3
4379,18,1,17,3
4380,25,1,4,3
4381,25,2,1,7
4382,25,1,4,5
4383,25,1,18,0
4384,18,2,4,4
4385,25,1,0,9
4386,25,1,4,0
4387,25,1,5,9
4388,18,2,4,6
4389,45,1,3,5
4390,25,1,4,3
4391,25,1,0,5
4392,18,2,4,4
4393,18,1,4,3
4394,18,1,4,6
4395,25,1,4,6
4396,50,1,6,8
4397,18,1,1,7
4398,18,1,4,9
4399,18,2,4,9
4400,18,2,4,3
4401,18,2,4,1
4402,18,1,4,8
4403,18,2,14,5
4404,25,1,15,3
4405,25,1,1,4
4406,25,1,14,3
4407,25,1,16,3
4408,18,1,4,3
4409,45,2,2,7
4410,25,1,14,3
4411,18,1,19,9
4412,18,1,4,4
4413,18,1,4,4
4414,1,1,13,0
4415,25,1,4,4
4416,18,1,0,6
4417,18,1,4,8
4418,25,1,15,3
4419,50,2,0,8
4420,45,2,12,1
4421,25,1,15,7
4422,45,1,0,6
4423,25,1,5,3
4424,18,1,4,0
4425,25,1,7,7
4426,35,1,7,8
4427,45,1,17,6
4428,18,1,0,4
4429,25,1,14,3
4430,25,1,5,3
4431,25,2,0,0
4432,1,1,14,3
4433,25,1,12,8
4434,25,1,0,5
4435,35,2,7,7
4436,25,1,7,4
4437,25,1,12,9
4438,35,2,5,6
4439,50,1,0,3
4440,35,1,6,9
4441,35,1,1,3
4442,18,1,4,3
4443,50,1,15,8
4444,56,1,2,5
4445,25,2,12,3
4446,25,1,3,9
4447,18,1,18,9
4448,45,1,5,9
4449,25,1,14,7
4450,25,1,12,3
4451,25,1,15,3
4452,25,1,14,9
4453,25,2,7,8
4454,35,1,0,6
4455,25,1,20,9
4456,35,1,7,9
4457,35,2,2,4
4458,35,1,14,6
4459,25,2,4,8
4460,25,1,1,3
4461,25,1,14,6
4462,25,1,20,3
4463,25,2,0,9
4464,50,1,7,9
4465,50,2,1,6
4466,18,1,4,4
4467,35,1,11,6
4468,50,2,6,7
4469,35,2,7,9
4470,45,2,12,3
4471,35,1,12,8
4472,25,1,6,3
4473,45,2,16,5
4474,35,1,1,5
4475,35,1,7,0
4476,18,1,4,1
4477,45,1,1,5
4478,25,1,7,4
4479,1,1,12,5
4480,50,1,13,8
4481,25,1,0,5
4482,25,1,18,3
4483,35,2,1,8
4484,25,2,6,4
4485,25,2,17,5
4486,25,1,4,5
4487,35,1,8,2
4488,25,1,7,3
4489,35,1,7,6
4490,18,1,4,4
4491,35,1,5,5
4492,18,1,4,3
4493,56,1,13,0
4494,1,2,10,1
4495,45,1,0,7
4496,18,1,4,3
4497,45,1,2,3
4498,50,1,0,9
4499,50,1,7,5
4500,25,1,6,3
4501,50,1,7,1
4502,25,1,17,5
4503,50,1,0,3
4504,56,1,1,4
4505,25,2,0,8
4506,50,1,7,8
4507,50,1,16,5
4508,18,1,4,4
4509,25,1,20,9
4510,25,1,7,3
4511,45,1,7,0
4512,35,1,7,9
4513,25,1,1,4
4514,56,1,0,6
4515,18,1,3,9
4516,56,1,13,0
4517,18,1,4,3
4518,18,2,1,3
4519,25,1,0,3
4520,50,1,7,4
4521,25,1,4,3
4522,35,1,12,3
4523,45,1,1,7
4524,18,1,2,9
4525,25,1,2,8
4526,25,1,14,0
4527,25,1,20,3
4528,18,1,0,4
4529,25,1,14,3
4530,35,1,6,4
4531,35,2,1,5
4532,18,1,4,3
4533,25,1,7,6
4534,25,1,12,7
4535,18,1,4,3
4536,18,1,19,9
4537,18,1,12,7
4538,45,2,1,0
4539,25,1,12,4
4540,35,1,19,4
4541,25,2,14,6
4542,1,1,10,9
4543,35,1,0,9
4544,25,1,2,9
4545,56,1,1,4
4546,25,1,16,0
4547,25,1,7,4
4548,18,1,12,1
4549,18,1,2,2
4550,1,2,10,7
4551,18,1,16,4
4552,18,1,12,0
4553,25,1,0,3
4554,35,2,16,4
4555,25,2,9,6
4556,18,2,9,8
4557,45,1,16,3
4558,25,1,14,8
4559,35,1,14,0
4560,25,1,7,4
4561,25,1,0,8
4562,25,2,9,7
4563,35,1,10,5
4564,25,2,6,3
4565,35,1,12,1
4566,35,1,14,5
4567,35,1,17,4
4568,18,1,4,4
4569,25,2,4,5
4570,25,1,0,3
4571,45,1,17,1
4572,35,1,7,8
4573,1,2,10,4
4574,50,1,16,7
4575,25,1,4,9
4576,1,2,10,6
4577,25,2,7,7
4578,35,1,7,5
4579,25,1,0,3
4580,18,2,4,4
4581,56,2,13,4
4582,25,1,1,8
4583,25,2,0,0
4584,50,1,1,6
4585,45,2,0,3
4586,35,1,7,4
4587,25,1,4,8
4588,35,1,14,3
4589,25,2,4,5
4590,25,1,17,5
4591,18,2,20,3
4592,25,1,15,4
4593,18,1,4,4
4594,45,2,1,9
4595,35,1,16,0
4596,25,1,18,8
4597,18,2,4,5
4598,25,2,4,4
4599,35,2,3,5
4600,35,2,0,0
4601,25,1,0,4
4602,35,1,14,3
4603,35,1,7,0
4604,35,2,2,4
4605,25,1,15,6
4606,25,1,15,3
4607,1,2,10,7
4608,25,1,0,7
4609,25,2,0,9
4610,25,2,4,7
4611,25,2,4,3
4612,18,2,4,7
4613,18,2,4,5
4614,25,1,12,5
4615,45,2,1,7
4616,25,1,17,6
4617,25,1,20,4
4618,25,2,6,3
4619,25,1,14,6
4620,25,2,1,0
4621,18,2,17,0
4622,25,1,4,8
4623,25,1,12,0
4624,25,1,16,3
4625,25,1,12,4
4626,25,1,7,6
4627,25,1,14,6
4628,56,1,1,8
4629,56,2,6,1
4630,18,2,4,4
4631,25,2,4,6
4632,18,1,4,3
4633,25,1,0,6
4634,1,1,0,6
4635,50,1,20,4
4636,18,1,4,3
4637,18,1,2,2
4638,35,2,9,9
4639,25,1,4,6
4640,35,1,11,3
4641,25,1,4,0
4642,25,1,7,3
4643,25,1,0,6
4644,25,1,0,3
4645,50,1,1,9
4646,50,2,6,4
4647,25,2,6,3
4648,35,1,20,7
4649,18,1,4,7
4650,56,1,13,0
4651,25,1,7,8
4652,45,2,0,8
4653,25,2,7,3
4654,35,1,12,9
4655,35,1,20,5
4656,25,2,1,7
4657,25,1,17,9
4658,45,1,14,4
4659,25,1,4,3
4660,25,2,14,8
4661,18,2,4,7
4662,45,1,15,3
4663,18,2,4,7
4664,25,1,4,0
4665,45,2,7,3
4666,35,1,2,0
4667,35,1,1,3
4668,25,1,14,3
4669,35,1,14,7
4670,35,1,7,4
4671,35,1,5,9
4672,25,1,12,5
4673,56,1,13,5
4674,35,1,16,7
4675,35,2,7,4
4676,18,2,4,4
4677,45,1,14,3
4678,50,1,6,0
4679,35,1,2,4
4680,56,1,13,0
4681,35,1,0,3
4682,35,2,15,5
4683,25,1,7,5
4684,25,1,0,4
4685,25,2,0,6
4686,35,1,1,4
4687,18,1,1,3
4688,35,1,14,5
4689,25,1,9,5
4690,18,1,12,0
4691,1,2,10,6
4692,45,2,17,4
4693,25,2,7,6
4694,18,1,1,5
4695,56,1,7,3
4696,18,1,18,0
4697,18,1,12,1
4698,18,1,10,0
4699,25,2,6,6
4700,18,2,0,2
4701,18,2,4,9
4702,45,1,17,5
4703,25,1,11,7
4704,25,1,7,3
4705,18,1,20,4
4706,18,2,0,5
4707,25,1,14,7
4708,1,1,0,5
4709,25,1,0,5
4710,45,1,0,3
4711,35,2,16,3
4712,25,1,17,4
4713,35,1,17,5
4714,25,1,17,6
4715,50,1,1,9
4716,25,1,2,8
4717,25,2,16,5
4718,45,1,17,6
4719,35,1,7,4
4720,35,2,9,0
4721,25,1,2,4
4722,35,1,11,9
4723,35,1,12,0
4724,35,1,7,9
4725,56,2,6,6
4726,35,1,5,8
4727,35,2,16,7
4728,56,2,0,4
4729,25,1,19,3
4730,50,1,16,9
4731,50,1,11,0
4732,25,1,17,0
4733,25,1,14,9
4734,18,1,18,4
4735,50,1,1,4
4736,45,1,3,8
4737,18,1,20,7
4738,35,1,16,7
4739,56,1,1,3
4740,25,1,3,4
4741,25,2,3,4
4742,35,1,7,1
4743,25,1,3,4
4744,56,1,13,6
4745,50,1,15,5
4746,18,2,4,7
4747,50,1,1,3
4748,18,1,4,8
4749,45,1,16,3
4750,45,1,0,6
4751,25,2,0,8
4752,50,1,15,0
4753,18,2,4,5
4754,56,1,1,4
4755,18,2,0,5
4756,56,2,7,3
4757,56,1,16,3
4758,35,1,17,9
4759,56,2,13,3
4760,50,2,0,7
4761,35,1,17,8
4762,18,1,15,0
4763,25,2,14,8
4764,56,1,11,3
4765,1,1,10,3
4766,35,2,16,9
4767,35,1,16,0
4768,35,2,9,3
4769,25,1,4,7
4770,25,1,1,7
4771,35,2,7,3
4772,25,2,4,9
4773,56,1,17,9
4774,45,1,1,5
4775,45,1,14,0
4776,25,1,17,7
4777,25,2,3,0
4778,25,1,2,3
4779,25,1,0,0
4780,45,1,3,7
4781,25,1,12,5
4782,50,2,6,5
4783,45,1,1,2
4784,25,1,0,5
4785,35,2,6,9
4786,25,2,14,8
4787,45,1,6,8
4788,1,1,11,9
4789,35,1,7,3
4790,35,1,2,3
4791,25,2,2,9
4792,18,1,4,7
4793,50,2,7,6
4794,25,2,6,0
4795,35,2,0,5
4796,45,1,16,5
4797,35,1,7,5
4798,35,2,17,7
4799,25,1,1,8
4800,18,2,4,3
4801,18,1,4,8
4802,25,1,4,3
4803,56,1,1,5
4804,25,2,16,1
4805,35,2,1,7
4806,35,1,1,6
4807,25,1,17,3
4808,1,1,2,7
4809,35,1,0,8
4810,50,2,4,5
4811,18,1,12,5
4812,35,1,1,4
4813,18,1,14,4
4814,35,2,9,3
4815,18,1,14,3
4816,50,2,18,5
4817,45,2,6,4
4818,25,1,1,5
4819,25,2,17,1
4820,35,1,18,9
4821,50,1,11,8
4822,18,1,19,8
4823,35,2,0,8
4824,18,1,4,8
4825,25,1,7,5
4826,25,1,17,3
4827,45,1,12,3
4828,35,1,0,5
4829,18,2,20,0
4830,25,1,0,4
4831,1,1,10,4
4832,25,2,1,9
4833,25,1,14,3
4834,35,1,16,7
4835,45,2,9,5
4836,25,1,20,3
4837,45,2,16,7
4838,25,1,5,4
4839,45,1,1,8
4840,50,2,6,4
4841,45,2,6,1
4842,25,1,12,6
4843,35,2,1,3
4844,56,1,1,3
4845,45,1,7,5
4846,25,2,1,3
4847,25,2,2,3
4848,25,1,12,8
4849,35,2,6,8
4850,18,2,4,5
4851,45,2,3,3
4852,18,1,17,2
4853,35,1,0,3
4854,25,1,7,0
4855,50,2,13,3
4856,25,1,12,4
4857,25,1,7,5
4858,25,1,14,0
4859,25,1,1,3
4860,18,2,14,4
4861,25,1,2,5
4862,25,1,4,8
4863,25,1,0,1
4864,25,2,9,9
4865,18,1,20,4
4866,35,2,14,8
4867,56,1,12,3
4868,25,1,16,9
4869,35,1,17,4
4870,45,2,6,5
4871,35,2,3,0
4872,18,1,12,3
4873,45,1,1,8
4874,56,1,11,4
4875,25,2,4,0
4876,35,1,0,9
4877,35,2,17,4
4878,25,1,4,4
4879,50,1,4,9
4880,25,1,3,5
4881,45,2,9,3
4882,45,1,16,0
4883,45,1,11,8
4884,1,2,10,9
4885,35,1,14,4
4886,56,1,1,9
4887,35,2,17,7
4888,18,1,2,7
4889,56,2,0,4
4890,18,1,4,6
4891,25,2,1,8
4892,35,1,17,3
4893,25,1,12,4
4894,25,1,17,5
4895,35,1,7,8
4896,25,2,3,4
4897,35,1,6,6
4898,35,1,16,0
4899,25,1,1,3
4900,25,1,12,3
4901,25,1,20,5
4902,25,1,7,0
4903,35,1,14,4
4904,35,1,12,4
4905,50,1,15,3
4906,45,2,1,4
4907,50,1,17,7
4908,50,2,7,5
4909,35,1,15,8
4910,35,2,12,5
4911,18,1,12,8
4912,25,2,0,7
4913,50,2,20,3
4914,25,2,1,6
4915,25,2,1,4
4916,25,1,12,2
4917,18,1,20,9
4918,45,1,0,9
4919,18,2,12,5
4920,18,1,0,3
4921,35,1,1,4
4922,25,2,15,4
4923,18,1,17,5
4924,45,1,18,9
4925,35,2,0,0
4926,35,2,6,0
4927,1,1,10,4
4928,45,1,0,3
4929,25,2,3,8
4930,45,1,1,9
4931,50,1,17,5
4932,50,1,17,0
4933,25,1,7,5
4934,25,1,15,8
4935,25,2,0,4
4936,35,1,17,3
4937,18,2,4,3
4938,35,1,0,5
4939,18,2,4,3
4940,25,1,7,5
4941,50,2,11,4
4942,56,1,20,3
4943,45,1,12,5
4944,50,2,0,3
4945,50,1,17,4
4946,50,1,0,5
4947,35,2,1,5
4948,35,1,17,8
4949,45,1,2,9
4950,18,1,4,5
4951,25,1,16,9
4952,35,2,17,5
4953,25,2,14,3
4954,35,1,12,3
4955,45,1,0,7
4956,56,1,13,1
4957,35,1,15,5
4958,25,1,2,0
4959,18,1,7,5
4960,25,1,17,7
4961,56,1,1,7
4962,25,1,7,8
4963,25,1,6,3
4964,45,1,17,8
4965,35,1,0,5
4966,1,1,10,8
4967,50,1,14,7
4968,18,1,4,0
4969,50,2,20,3
4970,18,1,19,3
4971,25,2,12,3
4972,35,1,7,6
4973,35,1,0,4
4974,56,2,2,5
4975,35,1,20,3
4976,35,1,0,4
4977,25,1,11,9
4978,25,1,4,5
4979,35,1,14,8
4980,35,1,2,3
4981,25,1,1,8
4982,50,1,1,9
4983,25,1,12,4
4984,45,2,16,9
4985,35,1,0,9
4986,35,1,0,6
4987,18,1,12,0
4988,56,2,8,9
4989,25,1,17,3
4990,25,1,0,4
4991,25,2,4,9
4992,56,2,14,5
4993,25,2,2,6
4994,45,1,17,2
4995,45,1,17,5
4996,50,1,20,6
4997,35,1,7,5
4998,1,1,10,5
4999,18,2,4,9
5000,56,2,13,0
5001,25,1,4,8
5002,25,2,2,5
5003,25,1,17,8
5004,35,1,12,0
5005,56,2,1,6
5006,45,1,16,9
5007,35,1,3,0
5008,18,2,4,9
5009,25,1,20,5
5010,45,2,16,4
5011,45,1,15,4
5012,18,1,4,7
5013,50,1,15,0
5014,18,1,4,7
5015,45,1,0,8
5016,35,1,6,8
5017,35,2,1,0
5018,35,1,12,7
5019,56,2,12,7
5020,25,1,7,8
5021,56,2,13,9
5022,50,1,6,5
5023,35,1,7,7
5024,35,1,20,8
5025,45,2,1,6
5026,25,1,20,7
5027,25,1,17,9
5028,25,2,14,6
5029,25,1,12,9
5030,25,1,4,3
5031,18,1,1,2
5032,25,2,4,6
5033,18,1,17,1
5034,56,2,13,8
5035,25,2,15,8
5036,25,2,17,0
5037,35,1,7,4
5038,35,1,12,3
5039,25,1,20,4
5040,35,2,4,5
5041,45,1,12,9
5042,45,2,6,4
5043,18,2,2,5
5044,18,2,6,1
5045,35,2,6,7
5046,35,1,0,8
5047,25,1,16,5
5048,45,1,6,4
5049,35,2,7,4
5050,25,1,12,8
5051,18,2,4,0
5052,50,2,7,4
5053,35,1,16,8
5054,25,1,4,4
5055,35,1,2,7
5056,35,2,16,7
5057,45,1,1,8
5058,50,1,7,9
5059,56,1,17,7
5060,45,1,16,0
5061,45,1,17,0
5062,18,2,19,7
5063,50,1,16,6
5064,1,2,10,9
5065,18,1,4,3
5066,25,1,14,6
5067,25,2,1,6
5068,56,1,13,5
5069,35,1,7,8
5070,56,2,0,4
5071,25,1,2,4
5072,25,2,7,5
5073,45,1,17,3
5074,56,1,2,6
5075,1,1,0,5
5076,50,1,6,6
5077,25,1,3,5
5078,25,1,2,4
5079,45,1,7,4
5080,25,1,4,7
5081,50,2,12,3
5082,18,2,4,4
5083,35,1,1,8
5084,25,1,4,9
5085,18,1,4,9
5086,56,1,17,5
5087,25,1,1,3
5088,25,2,6,5
5089,25,1,17,3
5090,35,2,16,5
5091,35,2,19,9
5092,25,1,17,4
5093,56,1,14,3
5094,50,1,7,9
5095,18,1,10,3
5096,35,2,1,9
5097,25,1,11,7
5098,56,1,16,5
5099,50,1,7,0
5100,18,1,0,7
5101,50,1,6,9
5102,25,1,0,3
5103,25,1,12,5
5104,35,2,16,3
5105,35,1,20,3
5106,50,1,7,9
5107,35,2,1,7
5108,45,2,0,7
5109,25,2,9,9
5110,45,2,6,0
5111,35,1,15,9
5112,35,1,2,9
5113,35,1,13,5
5114,25,1,0,7
5115,1,2,10,4
5116,56,1,12,3
5117,35,1,6,7
5118,25,2,0,2
5119,1,1,10,4
5120,25,2,0,4
5121,50,1,7,6
5122,25,1,7,4
5123,25,1,0,0
5124,50,1,12,7
5125,35,1,2,7
5126,45,1,0,3
5127,25,1,11,4
5128,45,1,5,5
5129,50,1,7,5
5130,45,1,17,8
5131,50,2,1,2
5132,25,2,1,3
5133,35,1,7,5
5134,18,1,11,3
5135,25,1,17,9
5136,35,1,7,5
5137,25,1,12,6
5138,18,1,18,4
5139,25,1,17,7
5140,50,1,16,8
5141,25,1,6,9
5142,18,1,17,7
5143,25,1,1,9
5144,18,1,4,8
5145,50,2,0,5
5146,35,1,7,0
5147,56,1,1,3
5148,18,1,0,0
5149,25,1,20,8
5150,35,1,1,4
5151,25,1,3,4
5152,18,1,19,9
5153,25,2,4,7
5154,25,1,7,8
5155,25,1,16,5
5156,25,1,16,9
5157,18,1,14,4
5158,35,1,1,9
5159,18,2,4,0
5160,35,1,7,1
5161,18,2,4,4
5162,25,1,4,9
5163,25,1,17,3
5164,45,1,6,0
5165,35,2,17,6
5166,35,1,6,6
5167,50,1,6,2
5168,18,1,15,0
5169,35,1,7,0
5170,50,2,4,4
5171,18,1,4,3
5172,56,1,17,2
5173,35,2,11,9
5174,1,1,10,3
5175,45,1,1,2
5176,35,2,9,5
5177,1,1,10,9
5178,45,1,14,9
5179,50,1,0,5
5180,25,1,12,4
5181,35,1,11,3
5182,25,1,7,3
5183,35,2,7,4
5184,18,2,20,9
5185,18,1,20,7
5186,35,2,4,9
5187,35,1,12,5
5188,18,1,16,3
5189,35,2,9,7
5190,45,2,7,7
5191,35,2,0,4
5192,25,2,4,4
5193,25,1,7,1
5194,35,1,12,6
5195,25,1,7,3
5196,35,1,7,6
5197,56,1,7,9
5198,56,2,3,7
5199,18,2,4,7
5200,25,2,1,0
5201,35,2,15,9
5202,50,1,7,6
5203,18,1,4,6
5204,45,2,6,7
5205,50,1,13,4
5206,25,1,1,5
5207,35,1,7,9
5208,25,1,0,6
5209,25,1,4,8
5210,50,1,1,7
5211,35,2,17,4
5212,25,1,1,7
5213,18,1,2,3
5214,18,1,0,3
5215,35,2,9,3
5216,56,2,6,6
5217,18,1,2,3
5218,25,1,17,3
5219,18,1,0,6
5220,18,1,4,6
5221,25,1,7,3
5222,56,2,1,7
5223,25,1,12,5
5224,56,1,10,7
5225,35,1,1,1
5226,18,1,4,7
5227,35,1,0,3
5228,18,1,10,5
5229,1,1,0,3
5230,25,1,0,3
5231,25,1,12,9
5232,35,1,7,3
5233,25,1,4,4
5234,25,1,5,8
5235,25,2,0,5
5236,25,1,4,8
5237,25,1,14,5
5238,25,1,7,9
5239,50,2,16,0
5240,35,1,7,9
5241,25,2,0,3
5242,25,2,4,5
5243,25,1,1,8
5244,1,1,10,4
5245,18,1,4,3
5246,45,2,1,0
5247,18,2,0,8
5248,1,2,10,4
5249,45,2,14,3
5250,45,2,14,0
5251,50,1,6,9
5252,25,2,17,7
5253,25,1,20,9
5254,56,2,13,5
5255,18,1,4,7
5256,1,1,10,4
5257,25,1,16,9
5258,25,2,2,5
5259,35,1,4,0
5260,25,1,6,3
5261,35,1,7,3
5262,35,1,12,7
5263,25,2,14,9
5264,35,1,7,7
5265,18,1,4,4
5266,45,1,1,4
5267,35,1,1,3
5268,35,1,7,0
5269,25,2,2,5
5270,18,1,0,9
5271,25,1,12,7
5272,25,2,0,7
5273,25,1,7,3
5274,56,1,20,3
5275,25,1,0,5
5276,25,1,17,5
5277,25,2,4,3
5278,25,1,20,5
5279,25,2,7,9
5280,25,2,14,6
5281,18,1,4,0
5282,25,1,2,7
5283,18,2,4,7
5284,18,1,2,4
5285,25,1,16,2
5286,18,1,4,2
5287,45,1,16,3
5288,25,1,8,7
5289,56,1,13,5
5290,45,1,2,8
5291,18,2,4,3
5292,45,1,1,3
5293,25,1,0,1
5294,25,1,12,7
5295,25,1,2,5
5296,35,1,7,1
5297,1,2,0,5
5298,25,1,12,0
5299,35,1,17,8
5300,25,1,2,3
5301,25,1,20,8
5302,25,1,17,8
5303,1,2,10,9
5304,56,2,6,2
5305,35,2,9,3
5306,18,2,4,5
5307,25,2,17,6
5308,25,1,5,8
5309,56,1,7,4
5310,25,1,0,3
5311,56,2,1,8
5312,50,1,0,6
5313,25,1,1,4
5314,56,1,0,4
5315,25,2,0,1
5316,25,1,12,7
5317,18,1,4,4
5318,25,2,0,9
5319,18,1,17,3
5320,18,1,17,4
5321,18,2,5,2
5322,25,1,4,5
5323,35,1,17,4
5324,25,1,20,9
5325,25,1,7,3
5326,50,2,7,6
5327,25,1,2,5
5328,25,1,7,3
5329,25,2,4,5
5330,25,2,5,5
5331,25,2,0,5
5332,35,1,14,9
5333,18,1,4,3
5334,25,2,7,5
5335,56,2,13,0
5336,25,1,14,5
5337,56,1,7,3
5338,35,2,3,4
5339,25,1,17,8
5340,18,1,17,4
5341,50,2,3,5
5342,25,2,3,5
5343,35,2,7,9
5344,25,2,9,3
5345,50,2,1,3
5346,25,2,17,3
5347,25,2,3,3
5348,25,1,6,6
5349,18,1,5,5
5350,50,2,2,8
5351,18,1,5,3
5352,45,2,1,7
5353,35,2,5,8
5354,25,1,6,7
5355,45,2,3,0
5356,56,1,0,4
5357,45,1,0,5
5358,18,2,20,4
5359,35,1,7,4
5360,18,1,16,9
5361,18,1,12,6
5362,50,2,16,3
5363,35,1,13,3
5364,56,1,13,7
5365,25,2,3,3
5366,18,1,12,5
5367,18,1,12,9
5368,18,1,4,7
5369,25,2,17,5
5370,25,1,15,6
5371,25,1,12,2
5372,25,1,11,5
5373,25,1,4,0
5374,18,1,12,3
5375,35,1,7,5
5376,25,1,0,3
5377,25,1,17,3
5378,18,2,3,3
5379,35,1,18,8
5380,25,1,7,7
5381,18,1,4,5
5382,25,1,14,1
5383,18,1,4,4
5384,35,1,1,4
5385,25,2,3,2
5386,25,1,12,6
5387,25,1,14,4
5388,25,2,1,5
5389,18,2,4,4
5390,45,1,7,5
5391,1,1,0,8
5392,25,1,7,0
5393,50,1,1,4
5394,35,1,7,8
5395,18,1,0,1
5396,50,1,1,3
5397,25,1,6,8
5398,18,1,0,5
5399,56,1,17,7
5400,25,1,1,6
5401,18,2,4,5
5402,18,2,1,7
5403,25,2,0,5
5404,1,1,10,2
5405,25,1,0,5
5406,50,2,7,9
5407,35,2,0,6
5408,35,2,17,0
5409,25,1,20,1
5410,45,1,1,3
5411,45,2,2,7
5412,1,2,19,6
5413,25,1,12,3
5414,35,1,1,6
5415,1,1,10,4
5416,25,2,7,9
5417,25,2,5,4
5418,18,1,17,6
5419,25,2,0,9
5420,18,2,12,3
5421,1,2,19,3
5422,35,1,17,3
5423,50,1,7,4
5424,50,2,5,7
5425,35,2,2,3
5426,18,1,4,3
5427,25,1,14,8
5428,35,1,19,4
5429,25,2,6,5
5430,25,2,1,5
5431,45,2,1,4
5432,56,1,1,3
5433,56,1,13,6
5434,35,2,17,9
5435,25,2,7,3
5436,45,1,18,5
5437,18,1,4,9
5438,25,1,11,6
5439,25,1,14,5
5440,56,1,13,5
5441,45,2,2,4
5442,50,1,7,9
5443,25,1,7,5
5444,25,1,12,6
5445,18,2,4,6
5446,25,1,0,7
5447,50,2,1,4
5448,45,1,2,8
5449,45,1,19,4
5450,18,1,12,0
5451,18,1,12,3
5452,25,2,1,4
5453,35,1,6,5
5454,18,1,4,5
5455,35,1,7,1
5456,18,2,17,6
5457,35,1,1,0
5458,18,1,12,9
5459,18,2,2,4
5460,1,2,10,4
5461,18,1,4,8
5462,50,1,0,3
5463,25,1,17,7
5464,35,1,0,4
5465,35,1,7,5
5466,25,2,0,6
5467,25,1,12,9
5468,35,1,0,0
5469,25,1,12,3
5470,35,1,12,7
5471,56,1,7,4
5472,18,1,7,0
5473,35,1,1,7
5474,25,1,1,0
5475,25,1,12,7
5476,25,1,4,8
5477,35,2,0,9
5478,35,1,1,5
5479,35,1,7,0
5480,35,1,1,5
5481,25,2,14,8
5482,45,1,12,3
5483,18,1,7,3
5484,25,2,6,7
5485,45,1,17,7
5486,25,1,4,7
5487,25,1,0,6
5488,25,1,17,4
5489,25,1,15,7
5490,18,1,7,3
5491,45,1,17,6
5492,18,1,7,7
5493,18,1,4,7
5494,35,1,12,3
5495,35,2,17,0
5496,18,2,4,5
5497,25,1,7,2
5498,25,1,4,4
5499,50,2,1,0
5500,25,2,19,3
5501,35,2,20,4
5502,25,1,2,3
5503,25,1,2,9
5504,25,2,9,5
5505,45,1,7,8
5506,25,2,4,8
5507,18,2,14,7
5508,45,1,7,5
5509,25,1,20,8
5510,25,1,0,5
5511,18,1,4,0
5512,45,1,1,8
5513,25,2,17,4
5514,35,1,1,6
5515,1,2,10,0
5516,18,1,4,3
5517,50,2,16,3
5518,56,1,0,3
5519,50,1,17,0
5520,35,1,15,8
5521,45,1,1,3
5522,25,2,6,3
5523,25,1,14,7
5524,35,1,0,7
5525,1,2,10,5
5526,1,2,10,9
5527,35,2,2,7
5528,25,1,1,5
5529,50,1,1,5
5530,18,1,6,6
5531,18,2,4,9
5532,50,1,17,3
5533,25,1,17,3
5534,50,2,2,0
5535,45,1,16,8
5536,25,1,15,3
5537,25,1,16,9
5538,56,2,1,4
5539,45,1,12,6
5540,25,2,20,3
5541,35,1,1,3
5542,56,1,7,3
5543,45,1,7,3
5544,25,1,17,3
5545,25,1,15,5
5546,35,2,16,8
5547,18,1,14,9
5548,18,2,4,8
5549,18,2,4,5
5550,50,2,9,9
5551,35,1,15,0
5552,35,2,20,9
5553,50,1,7,5
5554,35,1,3,0
5555,25,1,1,4
5556,1,1,10,9
5557,45,1,6,9
5558,35,1,14,8
5559,1,1,10,9
5560,50,1,1,3
5561,35,2,17,3
5562,25,2,3,3
5563,35,2,1,3
5564,25,2,7,4
5565,45,1,20,8
5566,18,1,17,7
5567,35,1,7,8
5568,50,1,3,3
5569,18,1,4,7
5570,18,2,1,9
5571,25,1,1,5
5572,25,2,9,7
5573,25,2,4,1
5574,35,2,1,8
5575,25,1,0,5
5576,35,1,7,6
5577,25,1,4,7
5578,50,1,1,9
5579,18,2,1,5
5580,35,2,7,0
5581,45,1,7,4
5582,25,1,0,3
5583,45,1,1,0
5584,56,1,15,8
5585,50,2,0,4
5586,25,1,4,8
5587,35,1,20,5
5588,25,1,17,5
5589,25,2,20,8
5590,25,2,0,0
5591,45,2,12,8
5592,18,1,0,4
5593,25,1,1,3
5594,50,1,16,7
5595,45,2,0,9
5596,25,1,20,5
5597,35,1,12,5
5598,18,2,4,3
5599,18,1,4,7
5600,35,1,7,8
5601,45,2,0,9
5602,35,1,1,1
5603,35,1,0,3
5604,50,1,7,4
5605,35,1,15,8
5606,18,2,2,8
5607,25,2,14,4
5608,18,1,4,7
5609,18,1,3,2
5610,50,2,1,0
5611,25,2,1,5
5612,35,2,7,7
5613,25,2,1,7
5614,35,2,0,0
5615,25,1,0,9
5616,35,1,7,3
5617,45,1,1,8
5618,25,1,14,7
5619,18,2,4,3
5620,18,2,4,4
5621,35,1,14,5
5622,25,1,7,4
5623,35,1,15,5
5624,25,1,11,5
5625,25,1,7,3
5626,25,1,1,8
5627,56,1,16,8
5628,25,1,0,5
5629,18,1,4,5
5630,25,1,14,1
5631,35,1,17,5
5632,35,1,12,4
5633,18,2,4,0
5634,50,1,1,0
5635,25,1,14,7
5636,35,2,9,8
5637,25,1,7,3
5638,1,1,10,7
5639,18,1,1,9
5640,18,2,4,4
5641,35,1,17,3
5642,25,2,17,4
5643,1,1,10,3
5644,35,2,1,3
5645,18,2,4,4
5646,25,1,2,8
5647,18,1,4,9
5648,18,1,1,7
5649,25,1,17,4
5650,18,2,4,8
5651,35,2,12,4
5652,25,2,6,3
5653,18,1,0,3
5654,50,1,1,9
5655,25,1,4,8
5656,25,2,6,5
5657,25,1,15,3
5658,50,1,14,5
5659,56,1,0,7
5660,25,1,0,5
5661,25,1,2,3
5662,25,2,15,8
5663,1,1,10,0
5664,35,2,20,8
5665,18,1,4,9
5666,18,1,4,3
5667,18,1,16,3
5668,35,1,7,6
5669,25,2,3,3
5670,56,1,1,8
5671,18,1,4,0
5672,25,1,1,3
5673,25,2,4,5
5674,35,2,1,6
5675,35,1,7,0
5676,35,1,14,3
5677,25,1,20,8
5678,25,1,1,7
5679,35,1,17,3
5680,35,1,2,4
5681,50,1,20,5
5682,25,2,7,0
5683,18,1,0,0
5684,18,2,9,0
5685,18,1,16,5
5686,25,1,17,5
5687,56,1,16,3
5688,1,2,0,7
5689,18,2,4,5
5690,25,1,0,0
5691,18,1,4,3
5692,35,1,14,4
5693,25,2,7,4
5694,25,2,4,2
5695,25,2,12,7
5696,35,2,3,6
5697,25,2,14,4
5698,25,1,0,3
5699,35,1,14,9
5700,35,1,15,6
5701,18,2,14,7
5702,25,1,7,7
5703,18,1,0,4
5704,56,1,1,3
5705,18,2,4,9
5706,18,2,4,9
5707,18,1,17,5
5708,25,1,12,9
5709,35,1,1,9
5710,18,1,4,5
5711,25,1,15,7
5712,25,1,7,3
5713,35,1,1,3
5714,50,2,7,1
5715,35,1,2,7
5716,18,1,4,4
5717,1,1,10,7
5718,25,1,0,4
5719,35,2,14,3
5720,56,1,7,9
5721,25,1,0,4
5722,45,1,11,4
5723,25,1,20,7
5724,18,1,12,3
5725,25,1,15,4
5726,18,1,2,0
5727,25,1,1,8
5728,25,1,4,7
5729,35,2,20,4
5730,18,1,10,2
5731,18,1,0,4
5732,25,2,11,5
5733,25,2,11,6
5734,25,1,4,8
5735,25,2,14,9
5736,25,1,6,4
5737,25,1,1,5
5738,45,1,15,4
5739,25,1,12,5
5740,25,1,7,8
5741,25,1,1,3
5742,50,1,13,6
5743,25,2,12,3
5744,35,2,0,0
5745,25,2,4,5
5746,18,2,4,3
5747,18,1,15,7
5748,25,1,0,3
5749,25,1,0,3
5750,25,1,2,8
5751,18,1,1,8
5752,1,2,0,4
5753,56,2,0,9
5754,18,1,17,8
5755,18,2,1,3
5756,35,2,2,9
5757,1,2,10,8
5758,1,1,10,8
5759,50,2,1,5
5760,25,2,1,7
5761,18,1,12,7
5762,25,1,20,7
5763,35,2,6,5
5764,25,2,1,7
5765,50,2,12,0
5766,25,1,11,3
5767,56,1,14,0
5768,25,1,2,6
5769,1,2,7,4
5770,45,1,14,8
5771,25,1,0,5
5772,25,1,7,4
5773,35,1,7,3
5774,25,1,6,3
5775,18,1,4,3
5776,25,1,11,9
5777,18,1,12,3
5778,1,1,0,6
5779,35,1,12,7
5780,25,1,5,4
5781,18,1,17,7
5782,25,1,2,1
5783,35,2,0,5
5784,45,2,1,3
5785,18,1,10,7
5786,25,2,7,0
5787,25,1,6,7
5788,25,1,20,4
5789,25,1,0,9
5790,25,1,17,7
5791,35,2,0,7
5792,18,1,4,3
5793,25,1,17,3
5794,25,1,2,4
5795,35,1,17,6
5796,25,1,1,8
5797,25,2,7,5
5798,25,1,7,5
5799,35,1,0,8
5800,25,1,5,3
5801,35,1,18,9
5802,25,1,16,3
5803,25,2,0,9
5804,1,1,10,9
5805,35,2,7,4
5806,25,2,0,8
5807,50,2,1,8
5808,35,1,7,5
5809,25,2,7,3
5810,25,1,7,8
5811,50,1,16,2
5812,18,1,4,5
5813,25,2,7,7
5814,25,1,7,4
5815,25,1,0,8
5816,25,1,20,3
5817,25,1,0,5
5818,25,1,17,6
5819,25,1,4,4
5820,50,1,6,0
5821,45,1,0,1
5822,25,1,15,3
5823,35,2,4,7
5824,25,1,12,3
5825,18,1,12,9
5826,25,2,4,4
5827,18,1,4,9
5828,25,1,2,9
5829,25,1,17,3
5830,25,2,4,8
5831,18,2,4,4
5832,25,1,1,7
5833,25,2,0,5
5834,35,2,0,3
5835,56,1,16,7
5836,35,2,0,9
5837,25,1,0,7
5838,25,1,7,5
5839,45,2,7,9
5840,25,1,1,3
5841,1,2,0,3
5842,35,2,7,7
5843,25,1,4,8
5844,35,1,1,8
5845,1,2,10,4
5846,25,2,3,9
5847,45,1,16,4
5848,18,2,4,6
5849,50,1,20,5
5850,35,1,17,8
5851,25,2,7,5
5852,18,2,20,0
5853,25,2,1,5
5854,50,1,19,5
5855,45,1,7,9
5856,50,1,7,7
5857,25,2,7,6
5858,45,2,2,8
5859,25,1,4,3
5860,25,1,7,3
5861,25,2,4,5
5862,50,2,1,8
5863,25,2,9,3
5864,25,2,14,0
5865,50,2,1,9
5866,25,1,17,7
5867,25,2,6,3
5868,45,2,3,4
5869,35,1,14,0
5870,25,2,7,5
5871,25,1,14,4
5872,25,2,4,7
5873,25,1,17,5
5874,18,1,12,3
5875,25,1,4,4
5876,25,1,4,4
5877,50,1,7,4
5878,18,1,12,3
5879,25,2,0,7
5880,35,1,7,3
5881,25,1,1,9
5882,35,1,17,7
5883,35,1,7,3
5884,18,2,0,2
5885,18,1,4,3
5886,25,1,1,3
5887,25,1,20,3
5888,35,2,20,5
5889,25,1,20,7
5890,50,1,20,0
5891,35,1,20,8
5892,18,1,4,3
5893,45,1,2,6
5894,25,1,7,7
5895,35,1,0,4
5896,25,1,1,8
5897,25,1,0,7
5898,25,1,20,7
5899,18,2,0,0
5900,35,1,17,0
5901,25,1,7,8
5902,35,2,7,0
5903,50,1,16,7
5904,25,1,11,3
5905,45,2,12,0
5906,35,2,20,5
5907,18,2,4,3
5908,25,1,2,0
5909,25,1,4,3
5910,18,1,20,7
5911,45,2,20,9
5912,25,2,17,9
5913,25,1,1,4
5914,18,2,0,3
5915,35,1,2,0
5916,18,1,4,8
5917,50,1,20,3
5918,50,2,1,4
5919,25,1,12,3
5920,18,1,0,4
5921,25,2,1,7
5922,25,1,6,6
5923,56,1,3,9
5924,25,1,7,5
5925,35,1,0,8
5926,25,2,0,5
5927,50,2,7,0
5928,35,1,14,7
5929,45,1,1,7
5930,35,2,0,3
5931,35,2,17,9
5932,18,2,7,3
5933,18,1,14,3
5934,25,1,2,6
5935,25,1,14,3
5936,18,1,0,3
5937,18,1,4,3
5938,25,1,12,4
5939,25,1,1,3
5940,45,2,15,3
5941,50,1,12,4
5942,25,2,0,1
5943,45,1,1,7
5944,45,2,1,0
5945,18,2,10,7
5946,35,2,2,0
5947,56,2,1,9
5948,45,2,16,9
5949,56,1,13,8
5950,18,1,17,4
5951,25,1,4,9
5952,18,1,4,0
5953,45,2,1,0
5954,1,1,10,0
5955,45,1,11,9
5956,25,2,7,4
5957,18,2,4,9
5958,18,1,20,9
5959,45,1,14,5
5960,18,2,4,9
5961,45,2,0,8
5962,45,2,0,0
5963,35,1,7,0
5964,25,1,15,3
5965,18,1,5,4
5966,25,1,17,3
5967,35,2,9,3
5968,50,1,16,3
5969,56,1,7,8
5970,45,1,13,0
5971,35,1,11,6
5972,35,1,7,9
5973,25,2,20,4
5974,1,1,10,5
5975,25,2,1,2
5976,25,1,14,5
5977,25,2,1,7
5978,35,1,1,7
5979,35,1,1,5
5980,25,1,1,6
5981,56,1,1,3
5982,35,1,7,7
5983,35,1,1,7
5984,25,1,3,7
5985,25,1,1,0
5986,18,2,4,7
5987,56,2,1,5
5988,25,1,16,4
5989,25,1,15,3
5990,1,2,10,3
5991,25,2,20,5
5992,35,2,20,4
5993,18,2,4,3
5994,50,2,20,6
5995,35,1,1,3
5996,35,2,1,9
5997,25,2,0,5
5998,25,2,7,5
5999,18,1,4,7
6000,25,2,1,6
6001,45,1,17,8
6002,25,2,7,9
6003,50,1,0,8
6004,45,2,17,5
6005,25,2,15,7
6006,25,2,5,9
6007,1,2,0,0
6008,35,1,17,3
6009,18,1,4,4
6010,25,2,12,8
6011,35,1,0,4
6012,35,1,15,3
6013,35,1,15,0
6014,25,2,20,3
6015,45,1,1,7
6016,25,2,9,9
6017,45,1,1,6
6018,35,2,7,7
6019,35,1,1,8
6020,25,1,0,0
6021,50,1,16,3
6022,25,1,12,7
6023,25,1,17,1
6024,25,1,0,5
6025,25,1,12,7
6026,25,2,1,9
6027,35,1,6,7
6028,18,1,4,3
6029,18,1,4,6
6030,25,2,1,5
6031,25,1,17,2
6032,18,2,0,9
6033,45,1,7,4
6034,50,1,13,5
6035,25,1,14,6
6036,25,2,1,9
6037,25,2,15,3
6038,45,2,1,4
6039,56,2,1,9
6040,45,2,0,6
6041,25,1,6,7
